timestamp,user_id,hand_preference,acc_x,acc_y,acc_z,gyro_x,gyro_y,gyro_z
0.0008211135864257812,1703ad9a,Right Hand,-0.46,-0.43,0.83,-0.02,-0.12,0.22
0.004208087921142578,1703ad9a,Right Hand,-0.47,-0.46,0.8,-0.0,-0.11,0.38
0.004828929901123047,1703ad9a,Right Hand,-0.47,-0.46,0.8,-0.0,-0.11,0.38
0.0048809051513671875,1703ad9a,Right Hand,-0.47,-0.46,0.8,-0.0,-0.11,0.38
0.004903316497802734,1703ad9a,Right Hand,-0.47,-0.46,0.8,-0.0,-0.11,0.38
0.004941701889038086,1703ad9a,Right Hand,-0.47,-0.46,0.8,-0.0,-0.11,0.38
0.004962444305419922,1703ad9a,Right Hand,-0.47,-0.46,0.8,-0.0,-0.11,0.38
0.06545639038085938,1703ad9a,Right Hand,-0.47,-0.46,0.8,-0.0,-0.11,0.38
0.06576108932495117,1703ad9a,Right Hand,-0.52,-0.44,0.78,0.05,-0.13,0.52
0.06580138206481934,1703ad9a,Right Hand,-0.52,-0.44,0.78,0.05,-0.13,0.52
0.06582283973693848,1703ad9a,Right Hand,-0.52,-0.44,0.78,0.05,-0.13,0.52
0.0658414363861084,1703ad9a,Right Hand,-0.52,-0.44,0.78,0.05,-0.13,0.52
0.0658726692199707,1703ad9a,Right Hand,-0.52,-0.44,0.78,0.05,-0.13,0.52
0.06589150428771973,1703ad9a,Right Hand,-0.52,-0.44,0.78,0.05,-0.13,0.52
0.06590962409973145,1703ad9a,Right Hand,-0.52,-0.44,0.78,0.05,-0.13,0.52
0.06592774391174316,1703ad9a,Right Hand,-0.55,-0.4,0.75,0.01,-0.26,0.67
0.06594538688659668,1703ad9a,Right Hand,-0.55,-0.4,0.75,0.01,-0.26,0.67
0.0659632682800293,1703ad9a,Right Hand,-0.55,-0.4,0.75,0.01,-0.26,0.67
0.06599760055541992,1703ad9a,Right Hand,-0.55,-0.4,0.75,0.01,-0.26,0.67
0.06601476669311523,1703ad9a,Right Hand,-0.55,-0.4,0.75,0.01,-0.26,0.67
0.06603217124938965,1703ad9a,Right Hand,-0.55,-0.4,0.75,0.01,-0.26,0.67
0.06605029106140137,1703ad9a,Right Hand,-0.55,-0.4,0.75,0.01,-0.26,0.67
0.06606698036193848,1703ad9a,Right Hand,-0.55,-0.4,0.75,0.01,-0.26,0.67
0.06610727310180664,1703ad9a,Right Hand,-0.52,-0.42,0.74,-0.03,-0.4,0.83
0.07001090049743652,1703ad9a,Right Hand,-0.52,-0.42,0.74,-0.03,-0.4,0.83
0.07026481628417969,1703ad9a,Right Hand,-0.52,-0.42,0.74,-0.03,-0.4,0.83
0.07032275199890137,1703ad9a,Right Hand,-0.52,-0.42,0.74,-0.03,-0.4,0.83
0.07037472724914551,1703ad9a,Right Hand,-0.52,-0.42,0.74,-0.03,-0.4,0.83
0.07041716575622559,1703ad9a,Right Hand,-0.52,-0.42,0.74,-0.03,-0.4,0.83
0.07045435905456543,1703ad9a,Right Hand,-0.5,-0.33,0.69,0.17,-0.46,0.89
0.12237930297851562,1703ad9a,Right Hand,-0.5,-0.33,0.69,0.17,-0.46,0.89
0.12256240844726562,1703ad9a,Right Hand,-0.5,-0.33,0.69,0.17,-0.46,0.89
0.12268757820129395,1703ad9a,Right Hand,-0.5,-0.33,0.69,0.17,-0.46,0.89
0.12276792526245117,1703ad9a,Right Hand,-0.5,-0.33,0.69,0.17,-0.46,0.89
0.12282633781433105,1703ad9a,Right Hand,-0.5,-0.33,0.69,0.17,-0.46,0.89
0.12285113334655762,1703ad9a,Right Hand,-0.5,-0.33,0.69,0.17,-0.46,0.89
0.12287044525146484,1703ad9a,Right Hand,-0.5,-0.33,0.69,0.17,-0.46,0.89
0.12289714813232422,1703ad9a,Right Hand,-0.45,-0.31,0.7,0.82,-0.49,0.92
0.1229398250579834,1703ad9a,Right Hand,-0.45,-0.31,0.7,0.82,-0.49,0.92
0.12298727035522461,1703ad9a,Right Hand,-0.45,-0.31,0.7,0.82,-0.49,0.92
0.12578535079956055,1703ad9a,Right Hand,-0.45,-0.31,0.7,0.82,-0.49,0.92
0.12592315673828125,1703ad9a,Right Hand,-0.45,-0.31,0.7,0.82,-0.49,0.92
0.125960111618042,1703ad9a,Right Hand,-0.45,-0.31,0.7,0.82,-0.49,0.92
0.1262362003326416,1703ad9a,Right Hand,-0.45,-0.31,0.7,0.82,-0.49,0.92
0.12719058990478516,1703ad9a,Right Hand,-0.4,-0.22,0.79,0.59,-0.8,0.74
0.12755370140075684,1703ad9a,Right Hand,-0.4,-0.22,0.79,0.59,-0.8,0.74
0.12863945960998535,1703ad9a,Right Hand,-0.4,-0.22,0.79,0.59,-0.8,0.74
0.18649554252624512,1703ad9a,Right Hand,-0.4,-0.22,0.79,0.59,-0.8,0.74
0.18663740158081055,1703ad9a,Right Hand,-0.4,-0.22,0.79,0.59,-0.8,0.74
0.18666625022888184,1703ad9a,Right Hand,-0.4,-0.22,0.79,0.59,-0.8,0.74
0.18668627738952637,1703ad9a,Right Hand,-0.4,-0.22,0.79,0.59,-0.8,0.74
0.1867232322692871,1703ad9a,Right Hand,-0.28,-0.14,0.91,0.84,-0.71,0.73
0.18674182891845703,1703ad9a,Right Hand,-0.28,-0.14,0.91,0.84,-0.71,0.73
0.18676018714904785,1703ad9a,Right Hand,-0.28,-0.14,0.91,0.84,-0.71,0.73
0.18677854537963867,1703ad9a,Right Hand,-0.28,-0.14,0.91,0.84,-0.71,0.73
0.1867966651916504,1703ad9a,Right Hand,-0.28,-0.14,0.91,0.84,-0.71,0.73
0.18683099746704102,1703ad9a,Right Hand,-0.28,-0.14,0.91,0.84,-0.71,0.73
0.18685054779052734,1703ad9a,Right Hand,-0.28,-0.14,0.91,0.84,-0.71,0.73
0.18687009811401367,1703ad9a,Right Hand,-0.27,-0.03,0.96,0.85,-0.55,0.67
0.18691372871398926,1703ad9a,Right Hand,-0.27,-0.03,0.96,0.85,-0.55,0.67
0.18742585182189941,1703ad9a,Right Hand,-0.27,-0.03,0.96,0.85,-0.55,0.67
0.18800926208496094,1703ad9a,Right Hand,-0.27,-0.03,0.96,0.85,-0.55,0.67
0.18846821784973145,1703ad9a,Right Hand,-0.27,-0.03,0.96,0.85,-0.55,0.67
0.18896079063415527,1703ad9a,Right Hand,-0.27,-0.03,0.96,0.85,-0.55,0.67
0.1894388198852539,1703ad9a,Right Hand,-0.27,-0.03,0.96,0.85,-0.55,0.67
0.189894437789917,1703ad9a,Right Hand,-0.24,0.03,0.97,0.6,-0.45,0.62
0.1903543472290039,1703ad9a,Right Hand,-0.24,0.03,0.97,0.6,-0.45,0.62
0.24195146560668945,1703ad9a,Right Hand,-0.24,0.03,0.97,0.6,-0.45,0.62
0.24205732345581055,1703ad9a,Right Hand,-0.24,0.03,0.97,0.6,-0.45,0.62
0.2420797348022461,1703ad9a,Right Hand,-0.24,0.03,0.97,0.6,-0.45,0.62
0.24210166931152344,1703ad9a,Right Hand,-0.24,0.03,0.97,0.6,-0.45,0.62
0.24212098121643066,1703ad9a,Right Hand,-0.24,0.03,0.97,0.6,-0.45,0.62
0.24216103553771973,1703ad9a,Right Hand,-0.22,0.07,0.96,0.46,-0.35,0.49
0.24217939376831055,1703ad9a,Right Hand,-0.22,0.07,0.96,0.46,-0.35,0.49
0.24219799041748047,1703ad9a,Right Hand,-0.22,0.07,0.96,0.46,-0.35,0.49
0.24225187301635742,1703ad9a,Right Hand,-0.22,0.07,0.96,0.46,-0.35,0.49
0.24227452278137207,1703ad9a,Right Hand,-0.22,0.07,0.96,0.46,-0.35,0.49
0.2429649829864502,1703ad9a,Right Hand,-0.22,0.07,0.96,0.46,-0.35,0.49
0.24351859092712402,1703ad9a,Right Hand,-0.22,0.07,0.96,0.46,-0.35,0.49
0.24401092529296875,1703ad9a,Right Hand,-0.19,0.07,0.99,0.46,-0.16,0.23
0.24446487426757812,1703ad9a,Right Hand,-0.19,0.07,0.99,0.46,-0.16,0.23
0.24513769149780273,1703ad9a,Right Hand,-0.19,0.07,0.99,0.46,-0.16,0.23
0.245589017868042,1703ad9a,Right Hand,-0.19,0.07,0.99,0.46,-0.16,0.23
0.24605226516723633,1703ad9a,Right Hand,-0.19,0.07,0.99,0.46,-0.16,0.23
0.24666357040405273,1703ad9a,Right Hand,-0.19,0.07,0.99,0.46,-0.16,0.23
0.24754667282104492,1703ad9a,Right Hand,-0.19,0.07,0.99,0.46,-0.16,0.23
0.2477264404296875,1703ad9a,Right Hand,-0.1,0.02,1.03,0.39,0.28,0.14
0.2481846809387207,1703ad9a,Right Hand,-0.1,0.02,1.03,0.39,0.28,0.14
0.2485978603363037,1703ad9a,Right Hand,-0.1,0.02,1.03,0.39,0.28,0.14
0.24898099899291992,1703ad9a,Right Hand,-0.1,0.02,1.03,0.39,0.28,0.14
0.24940037727355957,1703ad9a,Right Hand,-0.1,0.02,1.03,0.39,0.28,0.14
0.24987220764160156,1703ad9a,Right Hand,-0.1,0.02,1.03,0.39,0.28,0.14
0.2505486011505127,1703ad9a,Right Hand,-0.1,0.02,1.03,0.39,0.28,0.14
0.25108838081359863,1703ad9a,Right Hand,-0.21,0.04,1.01,0.1,0.16,0.28
0.2512686252593994,1703ad9a,Right Hand,-0.21,0.04,1.01,0.1,0.16,0.28
0.2516615390777588,1703ad9a,Right Hand,-0.21,0.04,1.01,0.1,0.16,0.28
0.25208592414855957,1703ad9a,Right Hand,-0.21,0.04,1.01,0.1,0.16,0.28
0.25302600860595703,1703ad9a,Right Hand,-0.21,0.04,1.01,0.1,0.16,0.28
0.3086714744567871,1703ad9a,Right Hand,-0.21,0.04,1.01,0.1,0.16,0.28
0.30879998207092285,1703ad9a,Right Hand,-0.21,0.04,1.01,0.1,0.16,0.28
0.30884504318237305,1703ad9a,Right Hand,-0.23,-0.02,0.95,-0.01,0.01,0.33
0.308866024017334,1703ad9a,Right Hand,-0.23,-0.02,0.95,-0.01,0.01,0.33
0.3088858127593994,1703ad9a,Right Hand,-0.23,-0.02,0.95,-0.01,0.01,0.33
0.30890440940856934,1703ad9a,Right Hand,-0.23,-0.02,0.95,-0.01,0.01,0.33
0.30892419815063477,1703ad9a,Right Hand,-0.23,-0.02,0.95,-0.01,0.01,0.33
0.3089613914489746,1703ad9a,Right Hand,-0.23,-0.02,0.95,-0.01,0.01,0.33
0.3089892864227295,1703ad9a,Right Hand,-0.23,-0.02,0.95,-0.01,0.01,0.33
0.311126708984375,1703ad9a,Right Hand,-0.28,0.0,0.89,0.1,0.09,0.25
0.3112635612487793,1703ad9a,Right Hand,-0.28,0.0,0.89,0.1,0.09,0.25
0.31183648109436035,1703ad9a,Right Hand,-0.28,0.0,0.89,0.1,0.09,0.25
0.31221556663513184,1703ad9a,Right Hand,-0.28,0.0,0.89,0.1,0.09,0.25
0.3126249313354492,1703ad9a,Right Hand,-0.28,0.0,0.89,0.1,0.09,0.25
0.31302428245544434,1703ad9a,Right Hand,-0.28,0.0,0.89,0.1,0.09,0.25
0.31349706649780273,1703ad9a,Right Hand,-0.28,0.0,0.89,0.1,0.09,0.25
0.31421422958374023,1703ad9a,Right Hand,-0.28,0.05,0.89,0.22,0.16,0.15
0.3146841526031494,1703ad9a,Right Hand,-0.28,0.05,0.89,0.22,0.16,0.15
0.3158416748046875,1703ad9a,Right Hand,-0.28,0.05,0.89,0.22,0.16,0.15
0.36803650856018066,1703ad9a,Right Hand,-0.28,0.05,0.89,0.22,0.16,0.15
0.36813902854919434,1703ad9a,Right Hand,-0.28,0.05,0.89,0.22,0.16,0.15
0.3681612014770508,1703ad9a,Right Hand,-0.28,0.05,0.89,0.22,0.16,0.15
0.3681795597076416,1703ad9a,Right Hand,-0.28,0.05,0.89,0.22,0.16,0.15
0.36819934844970703,1703ad9a,Right Hand,-0.28,0.06,0.9,0.22,0.18,0.08
0.36821818351745605,1703ad9a,Right Hand,-0.28,0.06,0.9,0.22,0.18,0.08
0.3682529926300049,1703ad9a,Right Hand,-0.28,0.06,0.9,0.22,0.18,0.08
0.3682703971862793,1703ad9a,Right Hand,-0.28,0.06,0.9,0.22,0.18,0.08
0.36974072456359863,1703ad9a,Right Hand,-0.28,0.06,0.9,0.22,0.18,0.08
0.36995792388916016,1703ad9a,Right Hand,-0.28,0.06,0.9,0.22,0.18,0.08
0.36998581886291504,1703ad9a,Right Hand,-0.28,0.06,0.9,0.22,0.18,0.08
0.3704376220703125,1703ad9a,Right Hand,-0.29,0.09,0.89,-0.05,0.15,0.01
0.3710620403289795,1703ad9a,Right Hand,-0.29,0.09,0.89,-0.05,0.15,0.01
0.37156248092651367,1703ad9a,Right Hand,-0.29,0.09,0.89,-0.05,0.15,0.01
0.3720133304595947,1703ad9a,Right Hand,-0.29,0.09,0.89,-0.05,0.15,0.01
0.3724942207336426,1703ad9a,Right Hand,-0.29,0.09,0.89,-0.05,0.15,0.01
0.3729560375213623,1703ad9a,Right Hand,-0.29,0.09,0.89,-0.05,0.15,0.01
0.37360239028930664,1703ad9a,Right Hand,-0.29,0.09,0.89,-0.05,0.15,0.01
0.37426090240478516,1703ad9a,Right Hand,-0.29,0.09,0.89,-0.05,0.15,0.01
0.3747899532318115,1703ad9a,Right Hand,-0.31,0.06,0.88,-0.07,0.12,0.01
0.3753688335418701,1703ad9a,Right Hand,-0.31,0.06,0.88,-0.07,0.12,0.01
0.3758690357208252,1703ad9a,Right Hand,-0.31,0.06,0.88,-0.07,0.12,0.01
0.37644243240356445,1703ad9a,Right Hand,-0.31,0.06,0.88,-0.07,0.12,0.01
0.3770277500152588,1703ad9a,Right Hand,-0.31,0.06,0.88,-0.07,0.12,0.01
0.37760424613952637,1703ad9a,Right Hand,-0.31,0.06,0.88,-0.07,0.12,0.01
0.3780341148376465,1703ad9a,Right Hand,-0.31,0.06,0.88,-0.07,0.12,0.01
0.37918972969055176,1703ad9a,Right Hand,-0.3,0.05,0.9,-0.07,0.12,-0.12
0.4338834285736084,1703ad9a,Right Hand,-0.3,0.05,0.9,-0.07,0.12,-0.12
0.4341757297515869,1703ad9a,Right Hand,-0.3,0.05,0.9,-0.07,0.12,-0.12
0.43420886993408203,1703ad9a,Right Hand,-0.3,0.05,0.9,-0.07,0.12,-0.12
0.43422985076904297,1703ad9a,Right Hand,-0.3,0.05,0.9,-0.07,0.12,-0.12
0.4342496395111084,1703ad9a,Right Hand,-0.3,0.05,0.9,-0.07,0.12,-0.12
0.43428802490234375,1703ad9a,Right Hand,-0.3,0.05,0.9,-0.07,0.12,-0.12
0.43430614471435547,1703ad9a,Right Hand,-0.31,0.01,0.88,-0.11,0.19,-0.18
0.434323787689209,1703ad9a,Right Hand,-0.31,0.01,0.88,-0.11,0.19,-0.18
0.4343454837799072,1703ad9a,Right Hand,-0.31,0.01,0.88,-0.11,0.19,-0.18
0.4360477924346924,1703ad9a,Right Hand,-0.31,0.01,0.88,-0.11,0.19,-0.18
0.436154842376709,1703ad9a,Right Hand,-0.31,0.01,0.88,-0.11,0.19,-0.18
0.4361765384674072,1703ad9a,Right Hand,-0.31,0.01,0.88,-0.11,0.19,-0.18
0.4366312026977539,1703ad9a,Right Hand,-0.31,0.01,0.88,-0.11,0.19,-0.18
0.43701791763305664,1703ad9a,Right Hand,-0.34,-0.01,0.87,-0.16,0.19,-0.17
0.4374415874481201,1703ad9a,Right Hand,-0.34,-0.01,0.87,-0.16,0.19,-0.17
0.43793177604675293,1703ad9a,Right Hand,-0.34,-0.01,0.87,-0.16,0.19,-0.17
0.4384181499481201,1703ad9a,Right Hand,-0.34,-0.01,0.87,-0.16,0.19,-0.17
0.438901424407959,1703ad9a,Right Hand,-0.34,-0.01,0.87,-0.16,0.19,-0.17
0.43940186500549316,1703ad9a,Right Hand,-0.34,-0.01,0.87,-0.16,0.19,-0.17
0.4398980140686035,1703ad9a,Right Hand,-0.34,-0.01,0.87,-0.16,0.19,-0.17
0.44039463996887207,1703ad9a,Right Hand,-0.34,0.05,0.88,-0.06,0.18,-0.23
0.49535179138183594,1703ad9a,Right Hand,-0.34,0.05,0.88,-0.06,0.18,-0.23
0.49549221992492676,1703ad9a,Right Hand,-0.34,0.05,0.88,-0.06,0.18,-0.23
0.49553751945495605,1703ad9a,Right Hand,-0.34,0.05,0.88,-0.06,0.18,-0.23
0.4955716133117676,1703ad9a,Right Hand,-0.34,0.05,0.88,-0.06,0.18,-0.23
0.4956088066101074,1703ad9a,Right Hand,-0.34,0.05,0.88,-0.06,0.18,-0.23
0.4956653118133545,1703ad9a,Right Hand,-0.34,0.05,0.88,-0.06,0.18,-0.23
0.49570274353027344,1703ad9a,Right Hand,-0.33,0.04,0.88,-0.12,0.15,-0.31
0.4957458972930908,1703ad9a,Right Hand,-0.33,0.04,0.88,-0.12,0.15,-0.31
0.4957923889160156,1703ad9a,Right Hand,-0.33,0.04,0.88,-0.12,0.15,-0.31
0.49586057662963867,1703ad9a,Right Hand,-0.33,0.04,0.88,-0.12,0.15,-0.31
0.49632740020751953,1703ad9a,Right Hand,-0.33,0.04,0.88,-0.12,0.15,-0.31
0.4967224597930908,1703ad9a,Right Hand,-0.33,0.04,0.88,-0.12,0.15,-0.31
0.4971334934234619,1703ad9a,Right Hand,-0.33,0.04,0.88,-0.12,0.15,-0.31
0.49759984016418457,1703ad9a,Right Hand,-0.34,0.0,0.9,-0.15,0.25,-0.38
0.4981226921081543,1703ad9a,Right Hand,-0.34,0.0,0.9,-0.15,0.25,-0.38
0.49854063987731934,1703ad9a,Right Hand,-0.34,0.0,0.9,-0.15,0.25,-0.38
0.4990086555480957,1703ad9a,Right Hand,-0.34,0.0,0.9,-0.15,0.25,-0.38
0.49946069717407227,1703ad9a,Right Hand,-0.34,0.0,0.9,-0.15,0.25,-0.38
0.49991416931152344,1703ad9a,Right Hand,-0.34,0.0,0.9,-0.15,0.25,-0.38
0.5005578994750977,1703ad9a,Right Hand,-0.34,0.0,0.9,-0.15,0.25,-0.38
0.5012335777282715,1703ad9a,Right Hand,-0.37,-0.03,0.88,-0.17,0.31,-0.47
0.5016970634460449,1703ad9a,Right Hand,-0.37,-0.03,0.88,-0.17,0.31,-0.47
0.5021064281463623,1703ad9a,Right Hand,-0.37,-0.03,0.88,-0.17,0.31,-0.47
0.5648138523101807,1703ad9a,Right Hand,-0.37,-0.03,0.88,-0.17,0.31,-0.47
0.5649573802947998,1703ad9a,Right Hand,-0.37,-0.03,0.88,-0.17,0.31,-0.47
0.5650465488433838,1703ad9a,Right Hand,-0.37,-0.03,0.88,-0.17,0.31,-0.47
0.5650928020477295,1703ad9a,Right Hand,-0.37,-0.03,0.88,-0.17,0.31,-0.47
0.5651323795318604,1703ad9a,Right Hand,-0.39,-0.12,0.84,0.02,0.37,-0.51
0.5651524066925049,1703ad9a,Right Hand,-0.39,-0.12,0.84,0.02,0.37,-0.51
0.5651707649230957,1703ad9a,Right Hand,-0.39,-0.12,0.84,0.02,0.37,-0.51
0.5651891231536865,1703ad9a,Right Hand,-0.39,-0.12,0.84,0.02,0.37,-0.51
0.5652070045471191,1703ad9a,Right Hand,-0.39,-0.12,0.84,0.02,0.37,-0.51
0.5652256011962891,1703ad9a,Right Hand,-0.39,-0.12,0.84,0.02,0.37,-0.51
0.565260648727417,1703ad9a,Right Hand,-0.39,-0.12,0.84,0.02,0.37,-0.51
0.5676050186157227,1703ad9a,Right Hand,-0.4,-0.12,0.82,-0.03,0.29,-0.4
0.567941427230835,1703ad9a,Right Hand,-0.4,-0.12,0.82,-0.03,0.29,-0.4
0.6310303211212158,1703ad9a,Right Hand,-0.4,-0.12,0.82,-0.03,0.29,-0.4
0.6313343048095703,1703ad9a,Right Hand,-0.4,-0.12,0.82,-0.03,0.29,-0.4
0.6313655376434326,1703ad9a,Right Hand,-0.4,-0.12,0.82,-0.03,0.29,-0.4
0.6313862800598145,1703ad9a,Right Hand,-0.4,-0.12,0.82,-0.03,0.29,-0.4
0.6314043998718262,1703ad9a,Right Hand,-0.4,-0.12,0.82,-0.03,0.29,-0.4
0.6314342021942139,1703ad9a,Right Hand,-0.41,-0.14,0.84,-0.06,0.21,-0.26
0.6314520835876465,1703ad9a,Right Hand,-0.41,-0.14,0.84,-0.06,0.21,-0.26
0.6314702033996582,1703ad9a,Right Hand,-0.41,-0.14,0.84,-0.06,0.21,-0.26
0.6314880847930908,1703ad9a,Right Hand,-0.41,-0.14,0.84,-0.06,0.21,-0.26
0.6315057277679443,1703ad9a,Right Hand,-0.41,-0.14,0.84,-0.06,0.21,-0.26
0.6893267631530762,1703ad9a,Right Hand,-0.41,-0.14,0.84,-0.06,0.21,-0.26
0.689434289932251,1703ad9a,Right Hand,-0.41,-0.14,0.84,-0.06,0.21,-0.26
0.6894571781158447,1703ad9a,Right Hand,-0.41,-0.14,0.84,-0.06,0.21,-0.26
0.6894762516021729,1703ad9a,Right Hand,-0.41,-0.12,0.84,-0.08,0.25,-0.18
0.6894943714141846,1703ad9a,Right Hand,-0.41,-0.12,0.84,-0.08,0.25,-0.18
0.689537763595581,1703ad9a,Right Hand,-0.41,-0.12,0.84,-0.08,0.25,-0.18
0.6895561218261719,1703ad9a,Right Hand,-0.41,-0.12,0.84,-0.08,0.25,-0.18
0.6895740032196045,1703ad9a,Right Hand,-0.41,-0.12,0.84,-0.08,0.25,-0.18
0.6895911693572998,1703ad9a,Right Hand,-0.41,-0.12,0.84,-0.08,0.25,-0.18
0.6896083354949951,1703ad9a,Right Hand,-0.41,-0.12,0.84,-0.08,0.25,-0.18
0.6896378993988037,1703ad9a,Right Hand,-0.44,-0.09,0.8,-0.07,0.19,-0.16
0.6896698474884033,1703ad9a,Right Hand,-0.44,-0.09,0.8,-0.07,0.19,-0.16
0.6901202201843262,1703ad9a,Right Hand,-0.44,-0.09,0.8,-0.07,0.19,-0.16
0.6905081272125244,1703ad9a,Right Hand,-0.44,-0.09,0.8,-0.07,0.19,-0.16
0.6908910274505615,1703ad9a,Right Hand,-0.44,-0.09,0.8,-0.07,0.19,-0.16
0.6913409233093262,1703ad9a,Right Hand,-0.44,-0.09,0.8,-0.07,0.19,-0.16
0.6918642520904541,1703ad9a,Right Hand,-0.44,-0.09,0.8,-0.07,0.19,-0.16
0.6922636032104492,1703ad9a,Right Hand,-0.45,-0.09,0.77,-0.01,0.11,-0.15
0.7531945705413818,1703ad9a,Right Hand,-0.45,-0.09,0.77,-0.01,0.11,-0.15
0.753324031829834,1703ad9a,Right Hand,-0.45,-0.09,0.77,-0.01,0.11,-0.15
0.7533466815948486,1703ad9a,Right Hand,-0.45,-0.09,0.77,-0.01,0.11,-0.15
0.7533655166625977,1703ad9a,Right Hand,-0.45,-0.09,0.77,-0.01,0.11,-0.15
0.7533884048461914,1703ad9a,Right Hand,-0.45,-0.09,0.77,-0.01,0.11,-0.15
0.7534191608428955,1703ad9a,Right Hand,-0.43,-0.11,0.75,0.05,0.0,-0.18
0.7534375190734863,1703ad9a,Right Hand,-0.43,-0.11,0.75,0.05,0.0,-0.18
0.753455400466919,1703ad9a,Right Hand,-0.43,-0.11,0.75,0.05,0.0,-0.18
0.7534735202789307,1703ad9a,Right Hand,-0.43,-0.11,0.75,0.05,0.0,-0.18
0.7534925937652588,1703ad9a,Right Hand,-0.43,-0.11,0.75,0.05,0.0,-0.18
0.7563557624816895,1703ad9a,Right Hand,-0.43,-0.11,0.75,0.05,0.0,-0.18
0.7564585208892822,1703ad9a,Right Hand,-0.43,-0.11,0.75,0.05,0.0,-0.18
0.8107142448425293,1703ad9a,Right Hand,-0.43,-0.11,0.75,0.05,0.0,-0.18
0.811046838760376,1703ad9a,Right Hand,-0.4,-0.09,0.76,0.14,-0.13,-0.15
0.8111026287078857,1703ad9a,Right Hand,-0.4,-0.09,0.76,0.14,-0.13,-0.15
0.8111238479614258,1703ad9a,Right Hand,-0.4,-0.09,0.76,0.14,-0.13,-0.15
0.8111438751220703,1703ad9a,Right Hand,-0.4,-0.09,0.76,0.14,-0.13,-0.15
0.8111622333526611,1703ad9a,Right Hand,-0.4,-0.09,0.76,0.14,-0.13,-0.15
0.8111803531646729,1703ad9a,Right Hand,-0.4,-0.09,0.76,0.14,-0.13,-0.15
0.8111984729766846,1703ad9a,Right Hand,-0.4,-0.09,0.76,0.14,-0.13,-0.15
0.811225414276123,1703ad9a,Right Hand,-0.36,-0.11,0.7,0.03,-0.28,-0.16
0.812873125076294,1703ad9a,Right Hand,-0.36,-0.11,0.7,0.03,-0.28,-0.16
0.8134307861328125,1703ad9a,Right Hand,-0.36,-0.11,0.7,0.03,-0.28,-0.16
0.8139476776123047,1703ad9a,Right Hand,-0.36,-0.11,0.7,0.03,-0.28,-0.16
0.8144059181213379,1703ad9a,Right Hand,-0.36,-0.11,0.7,0.03,-0.28,-0.16
0.8752129077911377,1703ad9a,Right Hand,-0.36,-0.11,0.7,0.03,-0.28,-0.16
0.8753371238708496,1703ad9a,Right Hand,-0.36,-0.11,0.7,0.03,-0.28,-0.16
0.8753597736358643,1703ad9a,Right Hand,-0.34,-0.22,0.56,-0.19,-0.46,-0.1
0.8753795623779297,1703ad9a,Right Hand,-0.34,-0.22,0.56,-0.19,-0.46,-0.1
0.8753979206085205,1703ad9a,Right Hand,-0.34,-0.22,0.56,-0.19,-0.46,-0.1
0.8754293918609619,1703ad9a,Right Hand,-0.34,-0.22,0.56,-0.19,-0.46,-0.1
0.8754465579986572,1703ad9a,Right Hand,-0.34,-0.22,0.56,-0.19,-0.46,-0.1
0.8754637241363525,1703ad9a,Right Hand,-0.34,-0.22,0.56,-0.19,-0.46,-0.1
0.8754818439483643,1703ad9a,Right Hand,-0.34,-0.22,0.56,-0.19,-0.46,-0.1
0.8780219554901123,1703ad9a,Right Hand,-0.35,-0.33,0.35,-0.03,-0.85,0.13
0.8781325817108154,1703ad9a,Right Hand,-0.35,-0.33,0.35,-0.03,-0.85,0.13
0.939190149307251,1703ad9a,Right Hand,-0.35,-0.33,0.35,-0.03,-0.85,0.13
0.9393019676208496,1703ad9a,Right Hand,-0.35,-0.33,0.35,-0.03,-0.85,0.13
0.9393253326416016,1703ad9a,Right Hand,-0.35,-0.33,0.35,-0.03,-0.85,0.13
0.9393455982208252,1703ad9a,Right Hand,-0.35,-0.33,0.35,-0.03,-0.85,0.13
0.9393794536590576,1703ad9a,Right Hand,-0.35,-0.33,0.35,-0.03,-0.85,0.13
0.9393980503082275,1703ad9a,Right Hand,-0.29,-0.3,0.33,0.1,-1.44,0.46
0.9394161701202393,1703ad9a,Right Hand,-0.29,-0.3,0.33,0.1,-1.44,0.46
0.9394347667694092,1703ad9a,Right Hand,-0.29,-0.3,0.33,0.1,-1.44,0.46
0.9394550323486328,1703ad9a,Right Hand,-0.29,-0.3,0.33,0.1,-1.44,0.46
0.9410436153411865,1703ad9a,Right Hand,-0.29,-0.3,0.33,0.1,-1.44,0.46
0.941425085067749,1703ad9a,Right Hand,-0.29,-0.3,0.33,0.1,-1.44,0.46
0.9427721500396729,1703ad9a,Right Hand,-0.29,-0.3,0.33,0.1,-1.44,0.46
0.9431319236755371,1703ad9a,Right Hand,-0.19,-0.08,0.48,0.29,-1.85,0.61
1.0032973289489746,1703ad9a,Right Hand,-0.19,-0.08,0.48,0.29,-1.85,0.61
1.003605842590332,1703ad9a,Right Hand,-0.19,-0.08,0.48,0.29,-1.85,0.61
1.0036463737487793,1703ad9a,Right Hand,-0.19,-0.08,0.48,0.29,-1.85,0.61
1.003675937652588,1703ad9a,Right Hand,-0.19,-0.08,0.48,0.29,-1.85,0.61
1.0037028789520264,1703ad9a,Right Hand,-0.19,-0.08,0.48,0.29,-1.85,0.61
1.0037293434143066,1703ad9a,Right Hand,-0.19,-0.08,0.48,0.29,-1.85,0.61
1.0037670135498047,1703ad9a,Right Hand,-0.11,0.16,0.75,0.51,-1.97,0.61
1.0037870407104492,1703ad9a,Right Hand,-0.11,0.16,0.75,0.51,-1.97,0.61
1.0038046836853027,1703ad9a,Right Hand,-0.11,0.16,0.75,0.51,-1.97,0.61
1.0038232803344727,1703ad9a,Right Hand,-0.11,0.16,0.75,0.51,-1.97,0.61
1.0038466453552246,1703ad9a,Right Hand,-0.11,0.16,0.75,0.51,-1.97,0.61
1.060089349746704,1703ad9a,Right Hand,-0.11,0.16,0.75,0.51,-1.97,0.61
1.0602085590362549,1703ad9a,Right Hand,-0.11,0.16,0.75,0.51,-1.97,0.61
1.060243844985962,1703ad9a,Right Hand,-0.09,0.56,1.02,0.58,-1.98,0.35
1.0602631568908691,1703ad9a,Right Hand,-0.09,0.56,1.02,0.58,-1.98,0.35
1.0602819919586182,1703ad9a,Right Hand,-0.09,0.56,1.02,0.58,-1.98,0.35
1.0603008270263672,1703ad9a,Right Hand,-0.09,0.56,1.02,0.58,-1.98,0.35
1.0603184700012207,1703ad9a,Right Hand,-0.09,0.56,1.02,0.58,-1.98,0.35
1.060349702835083,1703ad9a,Right Hand,-0.09,0.56,1.02,0.58,-1.98,0.35
1.0603675842285156,1703ad9a,Right Hand,-0.09,0.56,1.02,0.58,-1.98,0.35
1.0604183673858643,1703ad9a,Right Hand,-0.13,0.86,1.33,0.3,-1.95,-0.22
1.06044340133667,1703ad9a,Right Hand,-0.13,0.86,1.33,0.3,-1.95,-0.22
1.0611340999603271,1703ad9a,Right Hand,-0.13,0.86,1.33,0.3,-1.95,-0.22
1.0613768100738525,1703ad9a,Right Hand,-0.13,0.86,1.33,0.3,-1.95,-0.22
1.0619957447052002,1703ad9a,Right Hand,-0.13,0.86,1.33,0.3,-1.95,-0.22
1.062605857849121,1703ad9a,Right Hand,-0.13,0.86,1.33,0.3,-1.95,-0.22
1.0632798671722412,1703ad9a,Right Hand,-0.13,0.86,1.33,0.3,-1.95,-0.22
1.0635905265808105,1703ad9a,Right Hand,-0.08,0.95,1.77,-0.45,-1.59,-0.92
1.064420461654663,1703ad9a,Right Hand,-0.08,0.95,1.77,-0.45,-1.59,-0.92
1.0650713443756104,1703ad9a,Right Hand,-0.08,0.95,1.77,-0.45,-1.59,-0.92
1.065626621246338,1703ad9a,Right Hand,-0.08,0.95,1.77,-0.45,-1.59,-0.92
1.1278831958770752,1703ad9a,Right Hand,-0.08,0.95,1.77,-0.45,-1.59,-0.92
1.1279997825622559,1703ad9a,Right Hand,-0.08,0.95,1.77,-0.45,-1.59,-0.92
1.128035068511963,1703ad9a,Right Hand,-0.08,0.95,1.77,-0.45,-1.59,-0.92
1.1280548572540283,1703ad9a,Right Hand,-0.04,0.67,1.92,-1.04,-0.83,-1.72
1.1280748844146729,1703ad9a,Right Hand,-0.04,0.67,1.92,-1.04,-0.83,-1.72
1.1280932426452637,1703ad9a,Right Hand,-0.04,0.67,1.92,-1.04,-0.83,-1.72
1.1281116008758545,1703ad9a,Right Hand,-0.04,0.67,1.92,-1.04,-0.83,-1.72
1.1281297206878662,1703ad9a,Right Hand,-0.04,0.67,1.92,-1.04,-0.83,-1.72
1.1281592845916748,1703ad9a,Right Hand,-0.04,0.67,1.92,-1.04,-0.83,-1.72
1.1281769275665283,1703ad9a,Right Hand,-0.04,0.67,1.92,-1.04,-0.83,-1.72
1.1281943321228027,1703ad9a,Right Hand,-0.05,0.22,1.92,-1.64,0.25,-2.05
1.1282174587249756,1703ad9a,Right Hand,-0.05,0.22,1.92,-1.64,0.25,-2.05
1.1285953521728516,1703ad9a,Right Hand,-0.05,0.22,1.92,-1.64,0.25,-2.05
1.1288304328918457,1703ad9a,Right Hand,-0.05,0.22,1.92,-1.64,0.25,-2.05
1.1292088031768799,1703ad9a,Right Hand,-0.05,0.22,1.92,-1.64,0.25,-2.05
1.129619836807251,1703ad9a,Right Hand,-0.05,0.22,1.92,-1.64,0.25,-2.05
1.1300849914550781,1703ad9a,Right Hand,-0.05,0.22,1.92,-1.64,0.25,-2.05
1.1305758953094482,1703ad9a,Right Hand,-0.12,-0.31,1.62,-1.81,0.95,-1.96
1.1311402320861816,1703ad9a,Right Hand,-0.12,-0.31,1.62,-1.81,0.95,-1.96
1.1317250728607178,1703ad9a,Right Hand,-0.12,-0.31,1.62,-1.81,0.95,-1.96
1.1322612762451172,1703ad9a,Right Hand,-0.12,-0.31,1.62,-1.81,0.95,-1.96
1.1328644752502441,1703ad9a,Right Hand,-0.12,-0.31,1.62,-1.81,0.95,-1.96
1.1963465213775635,1703ad9a,Right Hand,-0.12,-0.31,1.62,-1.81,0.95,-1.96
1.1964693069458008,1703ad9a,Right Hand,-0.12,-0.31,1.62,-1.81,0.95,-1.96
1.1965134143829346,1703ad9a,Right Hand,-0.17,-0.73,1.43,-1.26,1.46,-1.56
1.1965534687042236,1703ad9a,Right Hand,-0.17,-0.73,1.43,-1.26,1.46,-1.56
1.1965837478637695,1703ad9a,Right Hand,-0.17,-0.73,1.43,-1.26,1.46,-1.56
1.196610927581787,1703ad9a,Right Hand,-0.17,-0.73,1.43,-1.26,1.46,-1.56
1.1966369152069092,1703ad9a,Right Hand,-0.17,-0.73,1.43,-1.26,1.46,-1.56
1.1966757774353027,1703ad9a,Right Hand,-0.17,-0.73,1.43,-1.26,1.46,-1.56
1.196702480316162,1703ad9a,Right Hand,-0.17,-0.73,1.43,-1.26,1.46,-1.56
1.1967291831970215,1703ad9a,Right Hand,-0.31,-0.81,1.13,-0.78,1.74,-1.02
1.196810007095337,1703ad9a,Right Hand,-0.31,-0.81,1.13,-0.78,1.74,-1.02
1.1968543529510498,1703ad9a,Right Hand,-0.31,-0.81,1.13,-0.78,1.74,-1.02
1.2627859115600586,1703ad9a,Right Hand,-0.31,-0.81,1.13,-0.78,1.74,-1.02
1.262890100479126,1703ad9a,Right Hand,-0.31,-0.81,1.13,-0.78,1.74,-1.02
1.262925386428833,1703ad9a,Right Hand,-0.31,-0.81,1.13,-0.78,1.74,-1.02
1.262944221496582,1703ad9a,Right Hand,-0.31,-0.81,1.13,-0.78,1.74,-1.02
1.262962818145752,1703ad9a,Right Hand,-0.42,-0.79,0.74,-0.2,1.65,-0.76
1.2629809379577637,1703ad9a,Right Hand,-0.42,-0.79,0.74,-0.2,1.65,-0.76
1.2629997730255127,1703ad9a,Right Hand,-0.42,-0.79,0.74,-0.2,1.65,-0.76
1.263016939163208,1703ad9a,Right Hand,-0.42,-0.79,0.74,-0.2,1.65,-0.76
1.2630419731140137,1703ad9a,Right Hand,-0.42,-0.79,0.74,-0.2,1.65,-0.76
1.3313114643096924,1703ad9a,Right Hand,-0.42,-0.79,0.74,-0.2,1.65,-0.76
1.3316891193389893,1703ad9a,Right Hand,-0.42,-0.79,0.74,-0.2,1.65,-0.76
1.3317599296569824,1703ad9a,Right Hand,-0.34,-1.01,0.55,0.42,1.33,-0.66
1.3318049907684326,1703ad9a,Right Hand,-0.34,-1.01,0.55,0.42,1.33,-0.66
1.331838607788086,1703ad9a,Right Hand,-0.34,-1.01,0.55,0.42,1.33,-0.66
1.331871509552002,1703ad9a,Right Hand,-0.34,-1.01,0.55,0.42,1.33,-0.66
1.3319039344787598,1703ad9a,Right Hand,-0.34,-1.01,0.55,0.42,1.33,-0.66
1.3319296836853027,1703ad9a,Right Hand,-0.34,-1.01,0.55,0.42,1.33,-0.66
1.3319573402404785,1703ad9a,Right Hand,-0.34,-1.01,0.55,0.42,1.33,-0.66
1.331974744796753,1703ad9a,Right Hand,-0.19,-1.05,0.48,0.89,1.05,-0.04
1.332017421722412,1703ad9a,Right Hand,-0.19,-1.05,0.48,0.89,1.05,-0.04
1.392721176147461,1703ad9a,Right Hand,-0.19,-1.05,0.48,0.89,1.05,-0.04
1.3930890560150146,1703ad9a,Right Hand,-0.19,-1.05,0.48,0.89,1.05,-0.04
1.3931233882904053,1703ad9a,Right Hand,-0.19,-1.05,0.48,0.89,1.05,-0.04
1.393233299255371,1703ad9a,Right Hand,-0.19,-1.05,0.48,0.89,1.05,-0.04
1.3932750225067139,1703ad9a,Right Hand,-0.19,-1.05,0.48,0.89,1.05,-0.04
1.3932936191558838,1703ad9a,Right Hand,-0.11,-0.97,0.29,0.74,0.68,0.77
1.3933115005493164,1703ad9a,Right Hand,-0.11,-0.97,0.29,0.74,0.68,0.77
1.3933286666870117,1703ad9a,Right Hand,-0.11,-0.97,0.29,0.74,0.68,0.77
1.393362283706665,1703ad9a,Right Hand,-0.11,-0.97,0.29,0.74,0.68,0.77
1.3933796882629395,1703ad9a,Right Hand,-0.11,-0.97,0.29,0.74,0.68,0.77
1.3933963775634766,1703ad9a,Right Hand,-0.11,-0.97,0.29,0.74,0.68,0.77
1.4461097717285156,1703ad9a,Right Hand,-0.11,-0.97,0.29,0.74,0.68,0.77
1.4463000297546387,1703ad9a,Right Hand,-0.12,-0.67,0.18,0.94,0.36,1.54
1.4463329315185547,1703ad9a,Right Hand,-0.12,-0.67,0.18,0.94,0.36,1.54
1.4463529586791992,1703ad9a,Right Hand,-0.12,-0.67,0.18,0.94,0.36,1.54
1.4463708400726318,1703ad9a,Right Hand,-0.12,-0.67,0.18,0.94,0.36,1.54
1.44638991355896,1703ad9a,Right Hand,-0.12,-0.67,0.18,0.94,0.36,1.54
1.4464073181152344,1703ad9a,Right Hand,-0.12,-0.67,0.18,0.94,0.36,1.54
1.4464380741119385,1703ad9a,Right Hand,-0.12,-0.67,0.18,0.94,0.36,1.54
1.4464566707611084,1703ad9a,Right Hand,-0.12,-0.67,0.18,0.94,0.36,1.54
1.4465208053588867,1703ad9a,Right Hand,-0.13,-0.21,0.12,0.91,-0.09,1.68
1.4465484619140625,1703ad9a,Right Hand,-0.13,-0.21,0.12,0.91,-0.09,1.68
1.5120811462402344,1703ad9a,Right Hand,-0.13,-0.21,0.12,0.91,-0.09,1.68
1.5124516487121582,1703ad9a,Right Hand,-0.13,-0.21,0.12,0.91,-0.09,1.68
1.512488842010498,1703ad9a,Right Hand,-0.13,-0.21,0.12,0.91,-0.09,1.68
1.5125093460083008,1703ad9a,Right Hand,-0.13,-0.21,0.12,0.91,-0.09,1.68
1.5125281810760498,1703ad9a,Right Hand,-0.13,-0.21,0.12,0.91,-0.09,1.68
1.5125463008880615,1703ad9a,Right Hand,-0.13,0.05,0.11,0.95,-0.8,1.38
1.5125761032104492,1703ad9a,Right Hand,-0.13,0.05,0.11,0.95,-0.8,1.38
1.5125935077667236,1703ad9a,Right Hand,-0.13,0.05,0.11,0.95,-0.8,1.38
1.5126111507415771,1703ad9a,Right Hand,-0.13,0.05,0.11,0.95,-0.8,1.38
1.512629747390747,1703ad9a,Right Hand,-0.13,0.05,0.11,0.95,-0.8,1.38
1.5126471519470215,1703ad9a,Right Hand,-0.13,0.05,0.11,0.95,-0.8,1.38
1.5678551197052002,1703ad9a,Right Hand,-0.13,0.05,0.11,0.95,-0.8,1.38
1.5679538249969482,1703ad9a,Right Hand,-0.1,0.33,0.3,1.35,-1.28,1.11
1.5679748058319092,1703ad9a,Right Hand,-0.1,0.33,0.3,1.35,-1.28,1.11
1.5679926872253418,1703ad9a,Right Hand,-0.1,0.33,0.3,1.35,-1.28,1.11
1.5680186748504639,1703ad9a,Right Hand,-0.1,0.33,0.3,1.35,-1.28,1.11
1.568058967590332,1703ad9a,Right Hand,-0.1,0.33,0.3,1.35,-1.28,1.11
1.5680756568908691,1703ad9a,Right Hand,-0.1,0.33,0.3,1.35,-1.28,1.11
1.5680923461914062,1703ad9a,Right Hand,-0.1,0.33,0.3,1.35,-1.28,1.11
1.5681097507476807,1703ad9a,Right Hand,-0.03,0.69,0.47,1.2,-1.7,0.67
1.6254467964172363,1703ad9a,Right Hand,-0.03,0.69,0.47,1.2,-1.7,0.67
1.625659704208374,1703ad9a,Right Hand,-0.03,0.69,0.47,1.2,-1.7,0.67
1.6257009506225586,1703ad9a,Right Hand,-0.03,0.69,0.47,1.2,-1.7,0.67
1.6257221698760986,1703ad9a,Right Hand,-0.03,0.69,0.47,1.2,-1.7,0.67
1.6257433891296387,1703ad9a,Right Hand,-0.03,0.69,0.47,1.2,-1.7,0.67
1.6257636547088623,1703ad9a,Right Hand,-0.03,0.69,0.47,1.2,-1.7,0.67
1.6257822513580322,1703ad9a,Right Hand,0.06,0.79,0.71,0.8,-1.96,0.3
1.6258130073547363,1703ad9a,Right Hand,0.06,0.79,0.71,0.8,-1.96,0.3
1.6258318424224854,1703ad9a,Right Hand,0.06,0.79,0.71,0.8,-1.96,0.3
1.6258506774902344,1703ad9a,Right Hand,0.06,0.79,0.71,0.8,-1.96,0.3
1.6258749961853027,1703ad9a,Right Hand,0.06,0.79,0.71,0.8,-1.96,0.3
1.6258947849273682,1703ad9a,Right Hand,0.06,0.79,0.71,0.8,-1.96,0.3
1.625913143157959,1703ad9a,Right Hand,0.06,0.79,0.71,0.8,-1.96,0.3
1.6265177726745605,1703ad9a,Right Hand,0.09,0.91,1.02,0.58,-1.98,-0.18
1.6266720294952393,1703ad9a,Right Hand,0.09,0.91,1.02,0.58,-1.98,-0.18
1.6271882057189941,1703ad9a,Right Hand,0.09,0.91,1.02,0.58,-1.98,-0.18
1.6279833316802979,1703ad9a,Right Hand,0.09,0.91,1.02,0.58,-1.98,-0.18
1.6284584999084473,1703ad9a,Right Hand,0.09,0.91,1.02,0.58,-1.98,-0.18
1.6859610080718994,1703ad9a,Right Hand,0.09,0.91,1.02,0.58,-1.98,-0.18
1.6860990524291992,1703ad9a,Right Hand,0.09,0.91,1.02,0.58,-1.98,-0.18
1.6861310005187988,1703ad9a,Right Hand,0.06,0.91,1.38,-0.52,-1.83,-0.8
1.6861591339111328,1703ad9a,Right Hand,0.06,0.91,1.38,-0.52,-1.83,-0.8
1.686185598373413,1703ad9a,Right Hand,0.06,0.91,1.38,-0.52,-1.83,-0.8
1.6862199306488037,1703ad9a,Right Hand,0.06,0.91,1.38,-0.52,-1.83,-0.8
1.6862452030181885,1703ad9a,Right Hand,0.06,0.91,1.38,-0.52,-1.83,-0.8
1.6862738132476807,1703ad9a,Right Hand,0.06,0.91,1.38,-0.52,-1.83,-0.8
1.6863017082214355,1703ad9a,Right Hand,0.06,0.91,1.38,-0.52,-1.83,-0.8
1.6864144802093506,1703ad9a,Right Hand,-0.04,0.67,1.61,-1.28,-1.11,-1.24
1.6864838600158691,1703ad9a,Right Hand,-0.04,0.67,1.61,-1.28,-1.11,-1.24
1.6868138313293457,1703ad9a,Right Hand,-0.04,0.67,1.61,-1.28,-1.11,-1.24
1.6873488426208496,1703ad9a,Right Hand,-0.04,0.67,1.61,-1.28,-1.11,-1.24
1.6878442764282227,1703ad9a,Right Hand,-0.04,0.67,1.61,-1.28,-1.11,-1.24
1.6882579326629639,1703ad9a,Right Hand,-0.04,0.67,1.61,-1.28,-1.11,-1.24
1.688643217086792,1703ad9a,Right Hand,-0.04,0.67,1.61,-1.28,-1.11,-1.24
1.6890194416046143,1703ad9a,Right Hand,-0.1,0.42,1.75,-1.43,-0.38,-1.45
1.6895129680633545,1703ad9a,Right Hand,-0.1,0.42,1.75,-1.43,-0.38,-1.45
1.6901159286499023,1703ad9a,Right Hand,-0.1,0.42,1.75,-1.43,-0.38,-1.45
1.6905004978179932,1703ad9a,Right Hand,-0.1,0.42,1.75,-1.43,-0.38,-1.45
1.690915584564209,1703ad9a,Right Hand,-0.1,0.42,1.75,-1.43,-0.38,-1.45
1.6914160251617432,1703ad9a,Right Hand,-0.1,0.42,1.75,-1.43,-0.38,-1.45
1.6918916702270508,1703ad9a,Right Hand,-0.1,0.42,1.75,-1.43,-0.38,-1.45
1.692326545715332,1703ad9a,Right Hand,-0.11,0.09,1.86,-1.24,0.26,-1.8
1.6933486461639404,1703ad9a,Right Hand,-0.11,0.09,1.86,-1.24,0.26,-1.8
1.7516002655029297,1703ad9a,Right Hand,-0.11,0.09,1.86,-1.24,0.26,-1.8
1.7517194747924805,1703ad9a,Right Hand,-0.11,0.09,1.86,-1.24,0.26,-1.8
1.7517447471618652,1703ad9a,Right Hand,-0.11,0.09,1.86,-1.24,0.26,-1.8
1.7517642974853516,1703ad9a,Right Hand,-0.11,0.09,1.86,-1.24,0.26,-1.8
1.7517917156219482,1703ad9a,Right Hand,-0.11,0.09,1.86,-1.24,0.26,-1.8
1.75180983543396,1703ad9a,Right Hand,-0.11,0.09,1.86,-1.24,0.26,-1.8
1.7518272399902344,1703ad9a,Right Hand,-0.06,-0.21,1.83,-1.16,1.23,-1.84
1.751845121383667,1703ad9a,Right Hand,-0.06,-0.21,1.83,-1.16,1.23,-1.84
1.7518634796142578,1703ad9a,Right Hand,-0.06,-0.21,1.83,-1.16,1.23,-1.84
1.754251480102539,1703ad9a,Right Hand,-0.06,-0.21,1.83,-1.16,1.23,-1.84
1.7543530464172363,1703ad9a,Right Hand,-0.06,-0.21,1.83,-1.16,1.23,-1.84
1.8082926273345947,1703ad9a,Right Hand,-0.06,-0.21,1.83,-1.16,1.23,-1.84
1.808513879776001,1703ad9a,Right Hand,-0.06,-0.21,1.83,-1.16,1.23,-1.84
1.8085620403289795,1703ad9a,Right Hand,-0.16,-0.54,1.45,-0.28,1.82,-1.58
1.8085834980010986,1703ad9a,Right Hand,-0.16,-0.54,1.45,-0.28,1.82,-1.58
1.808603048324585,1703ad9a,Right Hand,-0.16,-0.54,1.45,-0.28,1.82,-1.58
1.8086223602294922,1703ad9a,Right Hand,-0.16,-0.54,1.45,-0.28,1.82,-1.58
1.8086485862731934,1703ad9a,Right Hand,-0.16,-0.54,1.45,-0.28,1.82,-1.58
1.8086657524108887,1703ad9a,Right Hand,-0.16,-0.54,1.45,-0.28,1.82,-1.58
1.808682918548584,1703ad9a,Right Hand,-0.16,-0.54,1.45,-0.28,1.82,-1.58
1.8102564811706543,1703ad9a,Right Hand,-0.17,-0.57,1.14,0.34,1.44,-1.22
1.8104963302612305,1703ad9a,Right Hand,-0.17,-0.57,1.14,0.34,1.44,-1.22
1.810889720916748,1703ad9a,Right Hand,-0.17,-0.57,1.14,0.34,1.44,-1.22
1.811065912246704,1703ad9a,Right Hand,-0.17,-0.57,1.14,0.34,1.44,-1.22
1.8114981651306152,1703ad9a,Right Hand,-0.17,-0.57,1.14,0.34,1.44,-1.22
1.811933994293213,1703ad9a,Right Hand,-0.17,-0.57,1.14,0.34,1.44,-1.22
1.8124499320983887,1703ad9a,Right Hand,-0.17,-0.57,1.14,0.34,1.44,-1.22
1.8131084442138672,1703ad9a,Right Hand,-0.18,-0.62,0.82,0.87,1.19,-1.06
1.8136012554168701,1703ad9a,Right Hand,-0.18,-0.62,0.82,0.87,1.19,-1.06
1.8140349388122559,1703ad9a,Right Hand,-0.18,-0.62,0.82,0.87,1.19,-1.06
1.8144488334655762,1703ad9a,Right Hand,-0.18,-0.62,0.82,0.87,1.19,-1.06
1.814852237701416,1703ad9a,Right Hand,-0.18,-0.62,0.82,0.87,1.19,-1.06
1.8155574798583984,1703ad9a,Right Hand,-0.18,-0.62,0.82,0.87,1.19,-1.06
1.81624174118042,1703ad9a,Right Hand,-0.18,-0.62,0.82,0.87,1.19,-1.06
1.8167898654937744,1703ad9a,Right Hand,-0.19,-0.67,0.34,1.17,0.55,-1.02
1.817460060119629,1703ad9a,Right Hand,-0.19,-0.67,0.34,1.17,0.55,-1.02
1.8783202171325684,1703ad9a,Right Hand,-0.19,-0.67,0.34,1.17,0.55,-1.02
1.8784675598144531,1703ad9a,Right Hand,-0.19,-0.67,0.34,1.17,0.55,-1.02
1.878507375717163,1703ad9a,Right Hand,-0.19,-0.67,0.34,1.17,0.55,-1.02
1.878528356552124,1703ad9a,Right Hand,-0.19,-0.67,0.34,1.17,0.55,-1.02
1.8785481452941895,1703ad9a,Right Hand,-0.19,-0.67,0.34,1.17,0.55,-1.02
1.878570318222046,1703ad9a,Right Hand,-0.17,-0.6,0.01,1.63,-0.41,-0.7
1.8785901069641113,1703ad9a,Right Hand,-0.17,-0.6,0.01,1.63,-0.41,-0.7
1.8786089420318604,1703ad9a,Right Hand,-0.17,-0.6,0.01,1.63,-0.41,-0.7
1.8786594867706299,1703ad9a,Right Hand,-0.17,-0.6,0.01,1.63,-0.41,-0.7
1.8789527416229248,1703ad9a,Right Hand,-0.17,-0.6,0.01,1.63,-0.41,-0.7
1.8799171447753906,1703ad9a,Right Hand,-0.17,-0.6,0.01,1.63,-0.41,-0.7
1.9373247623443604,1703ad9a,Right Hand,-0.17,-0.6,0.01,1.63,-0.41,-0.7
1.937439203262329,1703ad9a,Right Hand,-0.07,-0.41,-0.01,1.27,-1.63,-0.39
1.9374620914459229,1703ad9a,Right Hand,-0.07,-0.41,-0.01,1.27,-1.63,-0.39
1.93748140335083,1703ad9a,Right Hand,-0.07,-0.41,-0.01,1.27,-1.63,-0.39
1.9375,1703ad9a,Right Hand,-0.07,-0.41,-0.01,1.27,-1.63,-0.39
1.9375181198120117,1703ad9a,Right Hand,-0.07,-0.41,-0.01,1.27,-1.63,-0.39
1.9375486373901367,1703ad9a,Right Hand,-0.07,-0.41,-0.01,1.27,-1.63,-0.39
1.937565803527832,1703ad9a,Right Hand,-0.07,-0.41,-0.01,1.27,-1.63,-0.39
1.9390459060668945,1703ad9a,Right Hand,0.02,-0.38,0.22,0.44,-1.94,-0.0
1.9393033981323242,1703ad9a,Right Hand,0.02,-0.38,0.22,0.44,-1.94,-0.0
1.9393620491027832,1703ad9a,Right Hand,0.02,-0.38,0.22,0.44,-1.94,-0.0
1.9400579929351807,1703ad9a,Right Hand,0.02,-0.38,0.22,0.44,-1.94,-0.0
1.9417147636413574,1703ad9a,Right Hand,0.02,-0.38,0.22,0.44,-1.94,-0.0
1.9948978424072266,1703ad9a,Right Hand,0.02,-0.38,0.22,0.44,-1.94,-0.0
1.9952597618103027,1703ad9a,Right Hand,0.02,-0.38,0.22,0.44,-1.94,-0.0
1.995298147201538,1703ad9a,Right Hand,-0.1,-0.41,-0.01,0.16,-1.92,0.28
1.9953193664550781,1703ad9a,Right Hand,-0.1,-0.41,-0.01,0.16,-1.92,0.28
1.9953391551971436,1703ad9a,Right Hand,-0.1,-0.41,-0.01,0.16,-1.92,0.28
1.995356798171997,1703ad9a,Right Hand,-0.1,-0.41,-0.01,0.16,-1.92,0.28
1.995387315750122,1703ad9a,Right Hand,-0.1,-0.41,-0.01,0.16,-1.92,0.28
1.9954047203063965,1703ad9a,Right Hand,-0.1,-0.41,-0.01,0.16,-1.92,0.28
1.995422601699829,1703ad9a,Right Hand,-0.1,-0.41,-0.01,0.16,-1.92,0.28
1.9954395294189453,1703ad9a,Right Hand,-0.17,-0.36,0.23,-0.11,-1.96,0.67
1.997056245803833,1703ad9a,Right Hand,-0.17,-0.36,0.23,-0.11,-1.96,0.67
1.9972307682037354,1703ad9a,Right Hand,-0.17,-0.36,0.23,-0.11,-1.96,0.67
1.9976873397827148,1703ad9a,Right Hand,-0.17,-0.36,0.23,-0.11,-1.96,0.67
1.9981129169464111,1703ad9a,Right Hand,-0.17,-0.36,0.23,-0.11,-1.96,0.67
1.9986021518707275,1703ad9a,Right Hand,-0.17,-0.36,0.23,-0.11,-1.96,0.67
1.999098777770996,1703ad9a,Right Hand,-0.17,-0.36,0.23,-0.11,-1.96,0.67
1.9995975494384766,1703ad9a,Right Hand,-0.15,-0.37,0.54,-0.74,-2.01,0.98
2.000100612640381,1703ad9a,Right Hand,-0.15,-0.37,0.54,-0.74,-2.01,0.98
2.0006513595581055,1703ad9a,Right Hand,-0.15,-0.37,0.54,-0.74,-2.01,0.98
2.00124454498291,1703ad9a,Right Hand,-0.15,-0.37,0.54,-0.74,-2.01,0.98
2.001710891723633,1703ad9a,Right Hand,-0.15,-0.37,0.54,-0.74,-2.01,0.98
2.002178430557251,1703ad9a,Right Hand,-0.15,-0.37,0.54,-0.74,-2.01,0.98
2.00315260887146,1703ad9a,Right Hand,-0.15,-0.37,0.54,-0.74,-2.01,0.98
2.0631167888641357,1703ad9a,Right Hand,-0.08,-0.47,1.01,-1.39,-1.83,1.52
2.063251495361328,1703ad9a,Right Hand,-0.08,-0.47,1.01,-1.39,-1.83,1.52
2.063310146331787,1703ad9a,Right Hand,-0.08,-0.47,1.01,-1.39,-1.83,1.52
2.063333034515381,1703ad9a,Right Hand,-0.08,-0.47,1.01,-1.39,-1.83,1.52
2.063352108001709,1703ad9a,Right Hand,-0.08,-0.47,1.01,-1.39,-1.83,1.52
2.0633704662323,1703ad9a,Right Hand,-0.08,-0.47,1.01,-1.39,-1.83,1.52
2.063389301300049,1703ad9a,Right Hand,-0.08,-0.47,1.01,-1.39,-1.83,1.52
2.0634207725524902,1703ad9a,Right Hand,-0.08,-0.47,1.01,-1.39,-1.83,1.52
2.06343936920166,1703ad9a,Right Hand,-0.15,-0.52,1.28,-1.58,-1.76,1.72
2.06345796585083,1703ad9a,Right Hand,-0.15,-0.52,1.28,-1.58,-1.76,1.72
2.065171241760254,1703ad9a,Right Hand,-0.15,-0.52,1.28,-1.58,-1.76,1.72
2.065279483795166,1703ad9a,Right Hand,-0.15,-0.52,1.28,-1.58,-1.76,1.72
2.0659563541412354,1703ad9a,Right Hand,-0.15,-0.52,1.28,-1.58,-1.76,1.72
2.066406011581421,1703ad9a,Right Hand,-0.15,-0.52,1.28,-1.58,-1.76,1.72
2.0668106079101562,1703ad9a,Right Hand,-0.01,-0.58,1.55,-0.73,-1.2,1.81
2.0682811737060547,1703ad9a,Right Hand,-0.01,-0.58,1.55,-0.73,-1.2,1.81
2.068392038345337,1703ad9a,Right Hand,-0.01,-0.58,1.55,-0.73,-1.2,1.81
2.1304070949554443,1703ad9a,Right Hand,-0.01,-0.58,1.55,-0.73,-1.2,1.81
2.130518674850464,1703ad9a,Right Hand,-0.01,-0.58,1.55,-0.73,-1.2,1.81
2.1305391788482666,1703ad9a,Right Hand,-0.01,-0.58,1.55,-0.73,-1.2,1.81
2.1305582523345947,1703ad9a,Right Hand,-0.01,-0.58,1.55,-0.73,-1.2,1.81
2.1305770874023438,1703ad9a,Right Hand,0.05,-0.43,1.72,-0.31,-0.6,1.81
2.130594491958618,1703ad9a,Right Hand,0.05,-0.43,1.72,-0.31,-0.6,1.81
2.1306190490722656,1703ad9a,Right Hand,0.05,-0.43,1.72,-0.31,-0.6,1.81
2.1306357383728027,1703ad9a,Right Hand,0.05,-0.43,1.72,-0.31,-0.6,1.81
2.130653142929077,1703ad9a,Right Hand,0.05,-0.43,1.72,-0.31,-0.6,1.81
2.1306707859039307,1703ad9a,Right Hand,0.05,-0.43,1.72,-0.31,-0.6,1.81
2.1306936740875244,1703ad9a,Right Hand,0.05,-0.43,1.72,-0.31,-0.6,1.81
2.188023567199707,1703ad9a,Right Hand,0.16,-0.46,1.83,-0.02,-0.34,2.1
2.1881394386291504,1703ad9a,Right Hand,0.16,-0.46,1.83,-0.02,-0.34,2.1
2.188162326812744,1703ad9a,Right Hand,0.16,-0.46,1.83,-0.02,-0.34,2.1
2.1881823539733887,1703ad9a,Right Hand,0.16,-0.46,1.83,-0.02,-0.34,2.1
2.1882011890411377,1703ad9a,Right Hand,0.16,-0.46,1.83,-0.02,-0.34,2.1
2.188220500946045,1703ad9a,Right Hand,0.16,-0.46,1.83,-0.02,-0.34,2.1
2.18825101852417,1703ad9a,Right Hand,0.16,-0.46,1.83,-0.02,-0.34,2.1
2.1882684230804443,1703ad9a,Right Hand,0.18,-0.3,1.7,0.26,-0.09,2.3
2.188286304473877,1703ad9a,Right Hand,0.18,-0.3,1.7,0.26,-0.09,2.3
2.1883037090301514,1703ad9a,Right Hand,0.18,-0.3,1.7,0.26,-0.09,2.3
2.188337802886963,1703ad9a,Right Hand,0.18,-0.3,1.7,0.26,-0.09,2.3
2.1883952617645264,1703ad9a,Right Hand,0.18,-0.3,1.7,0.26,-0.09,2.3
2.188443899154663,1703ad9a,Right Hand,0.18,-0.3,1.7,0.26,-0.09,2.3
2.1907811164855957,1703ad9a,Right Hand,0.18,-0.3,1.7,0.26,-0.09,2.3
2.190920352935791,1703ad9a,Right Hand,0.23,-0.09,1.68,0.57,0.31,2.24
2.190967082977295,1703ad9a,Right Hand,0.23,-0.09,1.68,0.57,0.31,2.24
2.191033363342285,1703ad9a,Right Hand,0.23,-0.09,1.68,0.57,0.31,2.24
2.2545061111450195,1703ad9a,Right Hand,0.23,-0.09,1.68,0.57,0.31,2.24
2.2546446323394775,1703ad9a,Right Hand,0.23,-0.09,1.68,0.57,0.31,2.24
2.2546963691711426,1703ad9a,Right Hand,0.23,-0.09,1.68,0.57,0.31,2.24
2.254733085632324,1703ad9a,Right Hand,0.23,-0.09,1.68,0.57,0.31,2.24
2.254768133163452,1703ad9a,Right Hand,0.26,0.01,1.62,0.75,0.75,2.12
2.2547976970672607,1703ad9a,Right Hand,0.26,0.01,1.62,0.75,0.75,2.12
2.2548158168792725,1703ad9a,Right Hand,0.26,0.01,1.62,0.75,0.75,2.12
2.2548341751098633,1703ad9a,Right Hand,0.26,0.01,1.62,0.75,0.75,2.12
2.254852056503296,1703ad9a,Right Hand,0.26,0.01,1.62,0.75,0.75,2.12
2.2548718452453613,1703ad9a,Right Hand,0.26,0.01,1.62,0.75,0.75,2.12
2.3237457275390625,1703ad9a,Right Hand,0.26,0.01,1.62,0.75,0.75,2.12
2.324151039123535,1703ad9a,Right Hand,0.3,0.17,1.67,0.71,1.05,1.99
2.324263334274292,1703ad9a,Right Hand,0.3,0.17,1.67,0.71,1.05,1.99
2.3243021965026855,1703ad9a,Right Hand,0.3,0.17,1.67,0.71,1.05,1.99
2.324331760406494,1703ad9a,Right Hand,0.3,0.17,1.67,0.71,1.05,1.99
2.3243749141693115,1703ad9a,Right Hand,0.3,0.17,1.67,0.71,1.05,1.99
2.3244059085845947,1703ad9a,Right Hand,0.3,0.17,1.67,0.71,1.05,1.99
2.3244545459747314,1703ad9a,Right Hand,0.3,0.17,1.67,0.71,1.05,1.99
2.324500322341919,1703ad9a,Right Hand,0.41,0.15,1.71,0.44,1.75,1.8
2.3245246410369873,1703ad9a,Right Hand,0.41,0.15,1.71,0.44,1.75,1.8
2.324551820755005,1703ad9a,Right Hand,0.41,0.15,1.71,0.44,1.75,1.8
2.32460355758667,1703ad9a,Right Hand,0.41,0.15,1.71,0.44,1.75,1.8
2.3246703147888184,1703ad9a,Right Hand,0.41,0.15,1.71,0.44,1.75,1.8
2.324718713760376,1703ad9a,Right Hand,0.41,0.15,1.71,0.44,1.75,1.8
2.324739694595337,1703ad9a,Right Hand,0.41,0.15,1.71,0.44,1.75,1.8
2.3917832374572754,1703ad9a,Right Hand,0.33,0.21,1.46,0.32,2.32,1.64
2.391963005065918,1703ad9a,Right Hand,0.33,0.21,1.46,0.32,2.32,1.64
2.39210844039917,1703ad9a,Right Hand,0.33,0.21,1.46,0.32,2.32,1.64
2.392183303833008,1703ad9a,Right Hand,0.33,0.21,1.46,0.32,2.32,1.64
2.3922266960144043,1703ad9a,Right Hand,0.33,0.21,1.46,0.32,2.32,1.64
2.3922624588012695,1703ad9a,Right Hand,0.33,0.21,1.46,0.32,2.32,1.64
2.3922975063323975,1703ad9a,Right Hand,0.33,0.21,1.46,0.32,2.32,1.64
2.3923399448394775,1703ad9a,Right Hand,0.18,0.24,1.09,0.41,2.18,1.41
2.3923730850219727,1703ad9a,Right Hand,0.18,0.24,1.09,0.41,2.18,1.41
2.392425298690796,1703ad9a,Right Hand,0.18,0.24,1.09,0.41,2.18,1.41
2.392493963241577,1703ad9a,Right Hand,0.18,0.24,1.09,0.41,2.18,1.41
2.3925375938415527,1703ad9a,Right Hand,0.18,0.24,1.09,0.41,2.18,1.41
2.3925936222076416,1703ad9a,Right Hand,0.18,0.24,1.09,0.41,2.18,1.41
2.45556640625,1703ad9a,Right Hand,0.18,0.24,1.09,0.41,2.18,1.41
2.4557292461395264,1703ad9a,Right Hand,0.18,0.24,1.09,0.41,2.18,1.41
2.4557714462280273,1703ad9a,Right Hand,0.15,0.34,1.07,0.43,1.95,1.18
2.4557909965515137,1703ad9a,Right Hand,0.15,0.34,1.07,0.43,1.95,1.18
2.4558093547821045,1703ad9a,Right Hand,0.15,0.34,1.07,0.43,1.95,1.18
2.4558286666870117,1703ad9a,Right Hand,0.15,0.34,1.07,0.43,1.95,1.18
2.4558472633361816,1703ad9a,Right Hand,0.15,0.34,1.07,0.43,1.95,1.18
2.4558651447296143,1703ad9a,Right Hand,0.15,0.34,1.07,0.43,1.95,1.18
2.4558911323547363,1703ad9a,Right Hand,0.15,0.34,1.07,0.43,1.95,1.18
2.455909013748169,1703ad9a,Right Hand,0.09,0.44,0.99,0.25,2.03,0.88
2.4559266567230225,1703ad9a,Right Hand,0.09,0.44,0.99,0.25,2.03,0.88
2.455944061279297,1703ad9a,Right Hand,0.09,0.44,0.99,0.25,2.03,0.88
2.455970287322998,1703ad9a,Right Hand,0.09,0.44,0.99,0.25,2.03,0.88
2.4560012817382812,1703ad9a,Right Hand,0.09,0.44,0.99,0.25,2.03,0.88
2.53178071975708,1703ad9a,Right Hand,0.09,0.44,0.99,0.25,2.03,0.88
2.5323076248168945,1703ad9a,Right Hand,0.09,0.44,0.99,0.25,2.03,0.88
2.5323894023895264,1703ad9a,Right Hand,-0.0,0.42,0.83,0.06,1.98,0.43
2.5324151515960693,1703ad9a,Right Hand,-0.0,0.42,0.83,0.06,1.98,0.43
2.5324504375457764,1703ad9a,Right Hand,-0.0,0.42,0.83,0.06,1.98,0.43
2.5324723720550537,1703ad9a,Right Hand,-0.0,0.42,0.83,0.06,1.98,0.43
2.5324928760528564,1703ad9a,Right Hand,-0.0,0.42,0.83,0.06,1.98,0.43
2.5325138568878174,1703ad9a,Right Hand,-0.0,0.42,0.83,0.06,1.98,0.43
2.532534122467041,1703ad9a,Right Hand,-0.0,0.42,0.83,0.06,1.98,0.43
2.5325543880462646,1703ad9a,Right Hand,-0.04,0.34,0.68,0.07,1.81,0.02
2.5325872898101807,1703ad9a,Right Hand,-0.04,0.34,0.68,0.07,1.81,0.02
2.532606840133667,1703ad9a,Right Hand,-0.04,0.34,0.68,0.07,1.81,0.02
2.5326268672943115,1703ad9a,Right Hand,-0.04,0.34,0.68,0.07,1.81,0.02
2.5326714515686035,1703ad9a,Right Hand,-0.04,0.34,0.68,0.07,1.81,0.02
2.5964977741241455,1703ad9a,Right Hand,-0.04,0.34,0.68,0.07,1.81,0.02
2.596619129180908,1703ad9a,Right Hand,-0.04,0.34,0.68,0.07,1.81,0.02
2.5966427326202393,1703ad9a,Right Hand,-0.04,0.34,0.68,0.07,1.81,0.02
2.596675395965576,1703ad9a,Right Hand,-0.03,0.23,0.65,-0.1,1.57,-0.18
2.5966956615448,1703ad9a,Right Hand,-0.03,0.23,0.65,-0.1,1.57,-0.18
2.5967154502868652,1703ad9a,Right Hand,-0.03,0.23,0.65,-0.1,1.57,-0.18
2.5967342853546143,1703ad9a,Right Hand,-0.03,0.23,0.65,-0.1,1.57,-0.18
2.5967531204223633,1703ad9a,Right Hand,-0.03,0.23,0.65,-0.1,1.57,-0.18
2.5967800617218018,1703ad9a,Right Hand,-0.03,0.23,0.65,-0.1,1.57,-0.18
2.596798896789551,1703ad9a,Right Hand,-0.03,0.23,0.65,-0.1,1.57,-0.18
2.596849203109741,1703ad9a,Right Hand,-0.07,0.13,0.58,-0.47,1.38,-0.14
2.596931219100952,1703ad9a,Right Hand,-0.07,0.13,0.58,-0.47,1.38,-0.14
2.596959114074707,1703ad9a,Right Hand,-0.07,0.13,0.58,-0.47,1.38,-0.14
2.6529431343078613,1703ad9a,Right Hand,-0.07,0.13,0.58,-0.47,1.38,-0.14
2.6533732414245605,1703ad9a,Right Hand,-0.07,0.13,0.58,-0.47,1.38,-0.14
2.653470516204834,1703ad9a,Right Hand,-0.07,0.13,0.58,-0.47,1.38,-0.14
2.6534924507141113,1703ad9a,Right Hand,-0.07,0.13,0.58,-0.47,1.38,-0.14
2.6535120010375977,1703ad9a,Right Hand,-0.12,0.04,0.55,-0.61,1.17,-0.11
2.6535322666168213,1703ad9a,Right Hand,-0.12,0.04,0.55,-0.61,1.17,-0.11
2.6535515785217285,1703ad9a,Right Hand,-0.12,0.04,0.55,-0.61,1.17,-0.11
2.6535804271698,1703ad9a,Right Hand,-0.12,0.04,0.55,-0.61,1.17,-0.11
2.653599500656128,1703ad9a,Right Hand,-0.12,0.04,0.55,-0.61,1.17,-0.11
2.6536173820495605,1703ad9a,Right Hand,-0.12,0.04,0.55,-0.61,1.17,-0.11
2.653665065765381,1703ad9a,Right Hand,-0.12,0.04,0.55,-0.61,1.17,-0.11
2.6536903381347656,1703ad9a,Right Hand,-0.18,-0.01,0.51,-0.5,0.97,-0.16
2.7152650356292725,1703ad9a,Right Hand,-0.18,-0.01,0.51,-0.5,0.97,-0.16
2.715362548828125,1703ad9a,Right Hand,-0.18,-0.01,0.51,-0.5,0.97,-0.16
2.7153866291046143,1703ad9a,Right Hand,-0.18,-0.01,0.51,-0.5,0.97,-0.16
2.7154054641723633,1703ad9a,Right Hand,-0.18,-0.01,0.51,-0.5,0.97,-0.16
2.715423345565796,1703ad9a,Right Hand,-0.18,-0.01,0.51,-0.5,0.97,-0.16
2.7154529094696045,1703ad9a,Right Hand,-0.18,-0.01,0.51,-0.5,0.97,-0.16
2.7154769897460938,1703ad9a,Right Hand,-0.26,-0.03,0.53,-0.38,0.8,-0.18
2.71549391746521,1703ad9a,Right Hand,-0.26,-0.03,0.53,-0.38,0.8,-0.18
2.7155113220214844,1703ad9a,Right Hand,-0.26,-0.03,0.53,-0.38,0.8,-0.18
2.7155277729034424,1703ad9a,Right Hand,-0.26,-0.03,0.53,-0.38,0.8,-0.18
2.7155444622039795,1703ad9a,Right Hand,-0.26,-0.03,0.53,-0.38,0.8,-0.18
2.7155799865722656,1703ad9a,Right Hand,-0.26,-0.03,0.53,-0.38,0.8,-0.18
2.715597152709961,1703ad9a,Right Hand,-0.26,-0.03,0.53,-0.38,0.8,-0.18
2.7788138389587402,1703ad9a,Right Hand,-0.33,-0.08,0.59,-0.73,0.51,-0.11
2.7792701721191406,1703ad9a,Right Hand,-0.33,-0.08,0.59,-0.73,0.51,-0.11
2.7793309688568115,1703ad9a,Right Hand,-0.33,-0.08,0.59,-0.73,0.51,-0.11
2.7793655395507812,1703ad9a,Right Hand,-0.33,-0.08,0.59,-0.73,0.51,-0.11
2.7793850898742676,1703ad9a,Right Hand,-0.33,-0.08,0.59,-0.73,0.51,-0.11
2.779404878616333,1703ad9a,Right Hand,-0.33,-0.08,0.59,-0.73,0.51,-0.11
2.7794246673583984,1703ad9a,Right Hand,-0.33,-0.08,0.59,-0.73,0.51,-0.11
2.7794418334960938,1703ad9a,Right Hand,-0.36,-0.11,0.65,-0.4,0.38,-0.1
2.779472827911377,1703ad9a,Right Hand,-0.36,-0.11,0.65,-0.4,0.38,-0.1
2.779489755630493,1703ad9a,Right Hand,-0.36,-0.11,0.65,-0.4,0.38,-0.1
2.77951979637146,1703ad9a,Right Hand,-0.36,-0.11,0.65,-0.4,0.38,-0.1
2.779540538787842,1703ad9a,Right Hand,-0.36,-0.11,0.65,-0.4,0.38,-0.1
2.779557704925537,1703ad9a,Right Hand,-0.36,-0.11,0.65,-0.4,0.38,-0.1
2.841796636581421,1703ad9a,Right Hand,-0.36,-0.11,0.65,-0.4,0.38,-0.1
2.8419618606567383,1703ad9a,Right Hand,-0.35,-0.02,0.74,-0.08,0.23,-0.25
2.841993570327759,1703ad9a,Right Hand,-0.35,-0.02,0.74,-0.08,0.23,-0.25
2.8420255184173584,1703ad9a,Right Hand,-0.35,-0.02,0.74,-0.08,0.23,-0.25
2.8420445919036865,1703ad9a,Right Hand,-0.35,-0.02,0.74,-0.08,0.23,-0.25
2.8420627117156982,1703ad9a,Right Hand,-0.35,-0.02,0.74,-0.08,0.23,-0.25
2.8420803546905518,1703ad9a,Right Hand,-0.35,-0.02,0.74,-0.08,0.23,-0.25
2.842097759246826,1703ad9a,Right Hand,-0.35,-0.02,0.74,-0.08,0.23,-0.25
2.8421151638031006,1703ad9a,Right Hand,-0.37,-0.02,0.85,-0.06,0.18,-0.29
2.842144727706909,1703ad9a,Right Hand,-0.37,-0.02,0.85,-0.06,0.18,-0.29
2.8421630859375,1703ad9a,Right Hand,-0.37,-0.02,0.85,-0.06,0.18,-0.29
2.8994028568267822,1703ad9a,Right Hand,-0.37,-0.02,0.85,-0.06,0.18,-0.29
2.899571418762207,1703ad9a,Right Hand,-0.37,-0.02,0.85,-0.06,0.18,-0.29
2.8996078968048096,1703ad9a,Right Hand,-0.37,-0.02,0.85,-0.06,0.18,-0.29
2.899627685546875,1703ad9a,Right Hand,-0.37,-0.02,0.85,-0.06,0.18,-0.29
2.8996455669403076,1703ad9a,Right Hand,-0.41,0.02,0.83,-0.38,0.32,-0.15
2.8996634483337402,1703ad9a,Right Hand,-0.41,0.02,0.83,-0.38,0.32,-0.15
2.899681568145752,1703ad9a,Right Hand,-0.41,0.02,0.83,-0.38,0.32,-0.15
2.8997061252593994,1703ad9a,Right Hand,-0.41,0.02,0.83,-0.38,0.32,-0.15
2.899723768234253,1703ad9a,Right Hand,-0.41,0.02,0.83,-0.38,0.32,-0.15
2.89974045753479,1703ad9a,Right Hand,-0.41,0.02,0.83,-0.38,0.32,-0.15
2.899785041809082,1703ad9a,Right Hand,-0.41,0.02,0.83,-0.38,0.32,-0.15
2.95747447013855,1703ad9a,Right Hand,-0.5,-0.05,0.75,-0.37,0.22,-0.14
2.9575729370117188,1703ad9a,Right Hand,-0.5,-0.05,0.75,-0.37,0.22,-0.14
2.957594394683838,1703ad9a,Right Hand,-0.5,-0.05,0.75,-0.37,0.22,-0.14
2.957625150680542,1703ad9a,Right Hand,-0.5,-0.05,0.75,-0.37,0.22,-0.14
2.957643747329712,1703ad9a,Right Hand,-0.5,-0.05,0.75,-0.37,0.22,-0.14
2.957662582397461,1703ad9a,Right Hand,-0.5,-0.05,0.75,-0.37,0.22,-0.14
2.9576799869537354,1703ad9a,Right Hand,-0.5,-0.05,0.75,-0.37,0.22,-0.14
2.9576969146728516,1703ad9a,Right Hand,-0.5,-0.05,0.75,-0.29,0.04,-0.15
2.9577226638793945,1703ad9a,Right Hand,-0.5,-0.05,0.75,-0.29,0.04,-0.15
2.957740306854248,1703ad9a,Right Hand,-0.5,-0.05,0.75,-0.29,0.04,-0.15
2.9577579498291016,1703ad9a,Right Hand,-0.5,-0.05,0.75,-0.29,0.04,-0.15
3.014544725418091,1703ad9a,Right Hand,-0.5,-0.05,0.75,-0.29,0.04,-0.15
3.0146443843841553,1703ad9a,Right Hand,-0.5,-0.05,0.75,-0.29,0.04,-0.15
3.0146663188934326,1703ad9a,Right Hand,-0.5,-0.05,0.75,-0.29,0.04,-0.15
3.0146849155426025,1703ad9a,Right Hand,-0.5,-0.05,0.75,-0.29,0.04,-0.15
3.014716863632202,1703ad9a,Right Hand,-0.48,-0.06,0.82,-0.28,-0.02,-0.13
3.0147392749786377,1703ad9a,Right Hand,-0.48,-0.06,0.82,-0.28,-0.02,-0.13
3.0147573947906494,1703ad9a,Right Hand,-0.48,-0.06,0.82,-0.28,-0.02,-0.13
3.0147767066955566,1703ad9a,Right Hand,-0.48,-0.06,0.82,-0.28,-0.02,-0.13
3.0148024559020996,1703ad9a,Right Hand,-0.48,-0.06,0.82,-0.28,-0.02,-0.13
3.014819860458374,1703ad9a,Right Hand,-0.48,-0.06,0.82,-0.28,-0.02,-0.13
3.0148496627807617,1703ad9a,Right Hand,-0.48,-0.06,0.82,-0.28,-0.02,-0.13
3.0857672691345215,1703ad9a,Right Hand,-0.47,-0.08,0.84,-0.22,-0.03,-0.16
3.086125612258911,1703ad9a,Right Hand,-0.47,-0.08,0.84,-0.22,-0.03,-0.16
3.0861639976501465,1703ad9a,Right Hand,-0.47,-0.08,0.84,-0.22,-0.03,-0.16
3.086183547973633,1703ad9a,Right Hand,-0.47,-0.08,0.84,-0.22,-0.03,-0.16
3.0862014293670654,1703ad9a,Right Hand,-0.47,-0.08,0.84,-0.22,-0.03,-0.16
3.0862271785736084,1703ad9a,Right Hand,-0.47,-0.08,0.84,-0.22,-0.03,-0.16
3.0862460136413574,1703ad9a,Right Hand,-0.47,-0.08,0.84,-0.22,-0.03,-0.16
3.08626389503479,1703ad9a,Right Hand,-0.45,-0.06,0.89,-0.17,-0.03,-0.13
3.0862820148468018,1703ad9a,Right Hand,-0.45,-0.06,0.89,-0.17,-0.03,-0.13
3.0863044261932373,1703ad9a,Right Hand,-0.45,-0.06,0.89,-0.17,-0.03,-0.13
3.086324453353882,1703ad9a,Right Hand,-0.45,-0.06,0.89,-0.17,-0.03,-0.13
3.1424307823181152,1703ad9a,Right Hand,-0.45,-0.06,0.89,-0.17,-0.03,-0.13
3.1426076889038086,1703ad9a,Right Hand,-0.45,-0.06,0.89,-0.17,-0.03,-0.13
3.142636775970459,1703ad9a,Right Hand,-0.45,-0.06,0.89,-0.17,-0.03,-0.13
3.142794370651245,1703ad9a,Right Hand,-0.44,-0.09,0.88,-0.27,-0.06,-0.11
3.1428213119506836,1703ad9a,Right Hand,-0.44,-0.09,0.88,-0.27,-0.06,-0.11
3.14288067817688,1703ad9a,Right Hand,-0.44,-0.09,0.88,-0.27,-0.06,-0.11
3.1429622173309326,1703ad9a,Right Hand,-0.44,-0.09,0.88,-0.27,-0.06,-0.11
3.142987012863159,1703ad9a,Right Hand,-0.44,-0.09,0.88,-0.27,-0.06,-0.11
3.143022060394287,1703ad9a,Right Hand,-0.44,-0.09,0.88,-0.27,-0.06,-0.11
3.1430418491363525,1703ad9a,Right Hand,-0.44,-0.09,0.88,-0.27,-0.06,-0.11
3.198105573654175,1703ad9a,Right Hand,-0.45,-0.1,0.84,-0.22,-0.07,-0.09
3.198453903198242,1703ad9a,Right Hand,-0.45,-0.1,0.84,-0.22,-0.07,-0.09
3.1984879970550537,1703ad9a,Right Hand,-0.45,-0.1,0.84,-0.22,-0.07,-0.09
3.19852352142334,1703ad9a,Right Hand,-0.45,-0.1,0.84,-0.22,-0.07,-0.09
3.1985414028167725,1703ad9a,Right Hand,-0.45,-0.1,0.84,-0.22,-0.07,-0.09
3.1985585689544678,1703ad9a,Right Hand,-0.45,-0.1,0.84,-0.22,-0.07,-0.09
3.1985764503479004,1703ad9a,Right Hand,-0.45,-0.1,0.84,-0.22,-0.07,-0.09
3.1985931396484375,1703ad9a,Right Hand,-0.46,-0.15,0.84,-0.1,-0.08,-0.11
3.198610544204712,1703ad9a,Right Hand,-0.46,-0.15,0.84,-0.1,-0.08,-0.11
3.1986355781555176,1703ad9a,Right Hand,-0.46,-0.15,0.84,-0.1,-0.08,-0.11
3.1986520290374756,1703ad9a,Right Hand,-0.46,-0.15,0.84,-0.1,-0.08,-0.11
3.253319501876831,1703ad9a,Right Hand,-0.46,-0.15,0.84,-0.1,-0.08,-0.11
3.253669500350952,1703ad9a,Right Hand,-0.46,-0.15,0.84,-0.1,-0.08,-0.11
3.2537505626678467,1703ad9a,Right Hand,-0.44,-0.13,0.83,0.04,-0.12,-0.13
3.253804922103882,1703ad9a,Right Hand,-0.44,-0.13,0.83,0.04,-0.12,-0.13
3.253847360610962,1703ad9a,Right Hand,-0.44,-0.13,0.83,0.04,-0.12,-0.13
3.2538819313049316,1703ad9a,Right Hand,-0.44,-0.13,0.83,0.04,-0.12,-0.13
3.253922939300537,1703ad9a,Right Hand,-0.44,-0.13,0.83,0.04,-0.12,-0.13
3.2539560794830322,1703ad9a,Right Hand,-0.44,-0.13,0.83,0.04,-0.12,-0.13
3.254021644592285,1703ad9a,Right Hand,-0.44,-0.13,0.83,0.04,-0.12,-0.13
3.254072666168213,1703ad9a,Right Hand,-0.44,-0.13,0.83,0.04,-0.12,-0.13
3.254103422164917,1703ad9a,Right Hand,-0.42,-0.13,0.87,-0.03,-0.14,-0.07
3.254129409790039,1703ad9a,Right Hand,-0.42,-0.13,0.87,-0.03,-0.14,-0.07
3.3081417083740234,1703ad9a,Right Hand,-0.42,-0.13,0.87,-0.03,-0.14,-0.07
3.308525323867798,1703ad9a,Right Hand,-0.42,-0.13,0.87,-0.03,-0.14,-0.07
3.3086225986480713,1703ad9a,Right Hand,-0.42,-0.13,0.87,-0.03,-0.14,-0.07
3.308645725250244,1703ad9a,Right Hand,-0.42,-0.13,0.87,-0.03,-0.14,-0.07
3.308708906173706,1703ad9a,Right Hand,-0.42,-0.13,0.87,-0.03,-0.14,-0.07
3.308788299560547,1703ad9a,Right Hand,-0.41,-0.14,0.88,-0.14,-0.11,0.03
3.3088438510894775,1703ad9a,Right Hand,-0.41,-0.14,0.88,-0.14,-0.11,0.03
3.3088862895965576,1703ad9a,Right Hand,-0.41,-0.14,0.88,-0.14,-0.11,0.03
3.3109171390533447,1703ad9a,Right Hand,-0.41,-0.14,0.88,-0.14,-0.11,0.03
3.3112106323242188,1703ad9a,Right Hand,-0.41,-0.14,0.88,-0.14,-0.11,0.03
3.311244010925293,1703ad9a,Right Hand,-0.41,-0.14,0.88,-0.14,-0.11,0.03
3.311894416809082,1703ad9a,Right Hand,-0.41,-0.14,0.88,-0.14,-0.11,0.03
3.3124611377716064,1703ad9a,Right Hand,-0.4,-0.11,0.86,-0.03,-0.06,0.01
3.3129501342773438,1703ad9a,Right Hand,-0.4,-0.11,0.86,-0.03,-0.06,0.01
3.3134570121765137,1703ad9a,Right Hand,-0.4,-0.11,0.86,-0.03,-0.06,0.01
3.313952684402466,1703ad9a,Right Hand,-0.4,-0.11,0.86,-0.03,-0.06,0.01
3.314445972442627,1703ad9a,Right Hand,-0.4,-0.11,0.86,-0.03,-0.06,0.01
3.3149921894073486,1703ad9a,Right Hand,-0.4,-0.11,0.86,-0.03,-0.06,0.01
3.316295862197876,1703ad9a,Right Hand,-0.4,-0.11,0.86,-0.03,-0.06,0.01
3.3736748695373535,1703ad9a,Right Hand,-0.42,-0.05,0.87,-0.02,-0.03,-0.02
3.3737895488739014,1703ad9a,Right Hand,-0.42,-0.05,0.87,-0.02,-0.03,-0.02
3.3738114833831787,1703ad9a,Right Hand,-0.42,-0.05,0.87,-0.02,-0.03,-0.02
3.3738324642181396,1703ad9a,Right Hand,-0.42,-0.05,0.87,-0.02,-0.03,-0.02
3.3738515377044678,1703ad9a,Right Hand,-0.42,-0.05,0.87,-0.02,-0.03,-0.02
3.373870611190796,1703ad9a,Right Hand,-0.42,-0.05,0.87,-0.02,-0.03,-0.02
3.373896837234497,1703ad9a,Right Hand,-0.42,-0.05,0.87,-0.02,-0.03,-0.02
3.3739147186279297,1703ad9a,Right Hand,-0.41,-0.08,0.9,-0.17,0.0,-0.03
3.3739328384399414,1703ad9a,Right Hand,-0.41,-0.08,0.9,-0.17,0.0,-0.03
3.376155376434326,1703ad9a,Right Hand,-0.41,-0.08,0.9,-0.17,0.0,-0.03
3.376448392868042,1703ad9a,Right Hand,-0.41,-0.08,0.9,-0.17,0.0,-0.03
3.376512050628662,1703ad9a,Right Hand,-0.41,-0.08,0.9,-0.17,0.0,-0.03
3.3770394325256348,1703ad9a,Right Hand,-0.41,-0.08,0.9,-0.17,0.0,-0.03
3.3774168491363525,1703ad9a,Right Hand,-0.41,-0.08,0.9,-0.17,0.0,-0.03
3.432387590408325,1703ad9a,Right Hand,-0.41,-0.09,0.84,-0.27,-0.01,-0.01
3.4325318336486816,1703ad9a,Right Hand,-0.41,-0.09,0.84,-0.27,-0.01,-0.01
3.4325673580169678,1703ad9a,Right Hand,-0.41,-0.09,0.84,-0.27,-0.01,-0.01
3.432586669921875,1703ad9a,Right Hand,-0.41,-0.09,0.84,-0.27,-0.01,-0.01
3.432605266571045,1703ad9a,Right Hand,-0.41,-0.09,0.84,-0.27,-0.01,-0.01
3.4326231479644775,1703ad9a,Right Hand,-0.41,-0.09,0.84,-0.27,-0.01,-0.01
3.4326412677764893,1703ad9a,Right Hand,-0.41,-0.09,0.84,-0.27,-0.01,-0.01
3.432659387588501,1703ad9a,Right Hand,-0.44,-0.09,0.82,-0.23,0.01,-0.07
3.4326839447021484,1703ad9a,Right Hand,-0.44,-0.09,0.82,-0.23,0.01,-0.07
3.4345264434814453,1703ad9a,Right Hand,-0.44,-0.09,0.82,-0.23,0.01,-0.07
3.434725046157837,1703ad9a,Right Hand,-0.44,-0.09,0.82,-0.23,0.01,-0.07
3.4351646900177,1703ad9a,Right Hand,-0.44,-0.09,0.82,-0.23,0.01,-0.07
3.435403347015381,1703ad9a,Right Hand,-0.44,-0.09,0.82,-0.23,0.01,-0.07
3.435821056365967,1703ad9a,Right Hand,-0.44,-0.09,0.82,-0.23,0.01,-0.07
3.4362952709198,1703ad9a,Right Hand,-0.44,-0.12,0.79,-0.13,0.0,-0.14
3.4367949962615967,1703ad9a,Right Hand,-0.44,-0.12,0.79,-0.13,0.0,-0.14
3.437440872192383,1703ad9a,Right Hand,-0.44,-0.12,0.79,-0.13,0.0,-0.14
3.4380850791931152,1703ad9a,Right Hand,-0.44,-0.12,0.79,-0.13,0.0,-0.14
3.4386632442474365,1703ad9a,Right Hand,-0.44,-0.12,0.79,-0.13,0.0,-0.14
3.439074754714966,1703ad9a,Right Hand,-0.44,-0.12,0.79,-0.13,0.0,-0.14
3.439566135406494,1703ad9a,Right Hand,-0.44,-0.12,0.79,-0.13,0.0,-0.14
3.440680742263794,1703ad9a,Right Hand,-0.41,-0.15,0.81,-0.15,-0.09,-0.12
3.4990923404693604,1703ad9a,Right Hand,-0.41,-0.15,0.81,-0.15,-0.09,-0.12
3.499189853668213,1703ad9a,Right Hand,-0.41,-0.15,0.81,-0.15,-0.09,-0.12
3.499211072921753,1703ad9a,Right Hand,-0.41,-0.15,0.81,-0.15,-0.09,-0.12
3.4992425441741943,1703ad9a,Right Hand,-0.41,-0.15,0.81,-0.15,-0.09,-0.12
3.4992620944976807,1703ad9a,Right Hand,-0.41,-0.15,0.81,-0.15,-0.09,-0.12
3.499281167984009,1703ad9a,Right Hand,-0.41,-0.15,0.81,-0.15,-0.09,-0.12
3.4992990493774414,1703ad9a,Right Hand,-0.42,-0.14,0.82,-0.13,-0.1,-0.03
3.499316453933716,1703ad9a,Right Hand,-0.42,-0.14,0.82,-0.13,-0.1,-0.03
3.4993345737457275,1703ad9a,Right Hand,-0.42,-0.14,0.82,-0.13,-0.1,-0.03
3.50081467628479,1703ad9a,Right Hand,-0.42,-0.14,0.82,-0.13,-0.1,-0.03
3.5010507106781006,1703ad9a,Right Hand,-0.42,-0.14,0.82,-0.13,-0.1,-0.03
3.5014474391937256,1703ad9a,Right Hand,-0.42,-0.14,0.82,-0.13,-0.1,-0.03
3.501636028289795,1703ad9a,Right Hand,-0.42,-0.14,0.82,-0.13,-0.1,-0.03
3.502056837081909,1703ad9a,Right Hand,-0.43,-0.11,0.83,-0.25,-0.11,-0.01
3.502995491027832,1703ad9a,Right Hand,-0.43,-0.11,0.83,-0.25,-0.11,-0.01
3.5591886043548584,1703ad9a,Right Hand,-0.43,-0.11,0.83,-0.25,-0.11,-0.01
3.5593254566192627,1703ad9a,Right Hand,-0.43,-0.11,0.83,-0.25,-0.11,-0.01
3.559365749359131,1703ad9a,Right Hand,-0.43,-0.11,0.83,-0.25,-0.11,-0.01
3.5593936443328857,1703ad9a,Right Hand,-0.43,-0.11,0.83,-0.25,-0.11,-0.01
3.5594124794006348,1703ad9a,Right Hand,-0.43,-0.11,0.83,-0.25,-0.11,-0.01
3.5594310760498047,1703ad9a,Right Hand,-0.44,-0.11,0.82,-0.25,-0.11,-0.06
3.5594472885131836,1703ad9a,Right Hand,-0.44,-0.11,0.82,-0.25,-0.11,-0.06
3.559478282928467,1703ad9a,Right Hand,-0.44,-0.11,0.82,-0.25,-0.11,-0.06
3.561021327972412,1703ad9a,Right Hand,-0.44,-0.11,0.82,-0.25,-0.11,-0.06
3.561245918273926,1703ad9a,Right Hand,-0.44,-0.11,0.82,-0.25,-0.11,-0.06
3.5617477893829346,1703ad9a,Right Hand,-0.44,-0.11,0.82,-0.25,-0.11,-0.06
3.562309741973877,1703ad9a,Right Hand,-0.44,-0.11,0.82,-0.25,-0.11,-0.06
3.563163995742798,1703ad9a,Right Hand,-0.48,-0.1,0.91,-0.13,-0.04,-0.11
3.5642008781433105,1703ad9a,Right Hand,-0.48,-0.1,0.91,-0.13,-0.04,-0.11
3.564804792404175,1703ad9a,Right Hand,-0.48,-0.1,0.91,-0.13,-0.04,-0.11
3.5659964084625244,1703ad9a,Right Hand,-0.48,-0.1,0.91,-0.13,-0.04,-0.11
3.6230432987213135,1703ad9a,Right Hand,-0.48,-0.1,0.91,-0.13,-0.04,-0.11
3.623148202896118,1703ad9a,Right Hand,-0.48,-0.1,0.91,-0.13,-0.04,-0.11
3.623169422149658,1703ad9a,Right Hand,-0.48,-0.1,0.91,-0.13,-0.04,-0.11
3.623189687728882,1703ad9a,Right Hand,-0.46,-0.28,0.95,-0.62,-0.01,-0.06
3.6232078075408936,1703ad9a,Right Hand,-0.46,-0.28,0.95,-0.62,-0.01,-0.06
3.6232409477233887,1703ad9a,Right Hand,-0.46,-0.28,0.95,-0.62,-0.01,-0.06
3.623257875442505,1703ad9a,Right Hand,-0.46,-0.28,0.95,-0.62,-0.01,-0.06
3.6232998371124268,1703ad9a,Right Hand,-0.46,-0.28,0.95,-0.62,-0.01,-0.06
3.623322010040283,1703ad9a,Right Hand,-0.46,-0.28,0.95,-0.62,-0.01,-0.06
3.625366449356079,1703ad9a,Right Hand,-0.46,-0.28,0.95,-0.62,-0.01,-0.06
3.6255226135253906,1703ad9a,Right Hand,-0.36,-0.09,0.89,0.5,-0.17,0.04
3.625562906265259,1703ad9a,Right Hand,-0.36,-0.09,0.89,0.5,-0.17,0.04
3.626013994216919,1703ad9a,Right Hand,-0.36,-0.09,0.89,0.5,-0.17,0.04
3.626392364501953,1703ad9a,Right Hand,-0.36,-0.09,0.89,0.5,-0.17,0.04
3.626767873764038,1703ad9a,Right Hand,-0.36,-0.09,0.89,0.5,-0.17,0.04
3.627152681350708,1703ad9a,Right Hand,-0.36,-0.09,0.89,0.5,-0.17,0.04
3.627617120742798,1703ad9a,Right Hand,-0.36,-0.09,0.89,0.5,-0.17,0.04
3.628249168395996,1703ad9a,Right Hand,-0.38,0.01,0.88,-0.18,0.09,-0.0
3.62882924079895,1703ad9a,Right Hand,-0.38,0.01,0.88,-0.18,0.09,-0.0
3.6293532848358154,1703ad9a,Right Hand,-0.38,0.01,0.88,-0.18,0.09,-0.0
3.6303632259368896,1703ad9a,Right Hand,-0.38,0.01,0.88,-0.18,0.09,-0.0
3.6939010620117188,1703ad9a,Right Hand,-0.38,0.01,0.88,-0.18,0.09,-0.0
3.6940526962280273,1703ad9a,Right Hand,-0.38,0.01,0.88,-0.18,0.09,-0.0
3.6940829753875732,1703ad9a,Right Hand,-0.38,0.01,0.88,-0.18,0.09,-0.0
3.6941044330596924,1703ad9a,Right Hand,-0.48,-0.07,0.76,-0.15,0.01,-0.13
3.6941256523132324,1703ad9a,Right Hand,-0.48,-0.07,0.76,-0.15,0.01,-0.13
3.6941537857055664,1703ad9a,Right Hand,-0.48,-0.07,0.76,-0.15,0.01,-0.13
3.6941723823547363,1703ad9a,Right Hand,-0.48,-0.07,0.76,-0.15,0.01,-0.13
3.6941895484924316,1703ad9a,Right Hand,-0.48,-0.07,0.76,-0.15,0.01,-0.13
3.694209337234497,1703ad9a,Right Hand,-0.48,-0.07,0.76,-0.15,0.01,-0.13
3.7485501766204834,1703ad9a,Right Hand,-0.48,-0.07,0.76,-0.15,0.01,-0.13
3.748713970184326,1703ad9a,Right Hand,-0.43,-0.17,0.86,-0.13,-0.14,-0.16
3.7487947940826416,1703ad9a,Right Hand,-0.43,-0.17,0.86,-0.13,-0.14,-0.16
3.748840570449829,1703ad9a,Right Hand,-0.43,-0.17,0.86,-0.13,-0.14,-0.16
3.7488794326782227,1703ad9a,Right Hand,-0.43,-0.17,0.86,-0.13,-0.14,-0.16
3.7489125728607178,1703ad9a,Right Hand,-0.43,-0.17,0.86,-0.13,-0.14,-0.16
3.7489588260650635,1703ad9a,Right Hand,-0.43,-0.17,0.86,-0.13,-0.14,-0.16
3.7489914894104004,1703ad9a,Right Hand,-0.43,-0.17,0.86,-0.13,-0.14,-0.16
3.7490174770355225,1703ad9a,Right Hand,-0.38,-0.17,0.9,0.03,-0.03,-0.17
3.7490451335906982,1703ad9a,Right Hand,-0.38,-0.17,0.9,0.03,-0.03,-0.17
3.7495903968811035,1703ad9a,Right Hand,-0.38,-0.17,0.9,0.03,-0.03,-0.17
3.7497451305389404,1703ad9a,Right Hand,-0.38,-0.17,0.9,0.03,-0.03,-0.17
3.7501533031463623,1703ad9a,Right Hand,-0.38,-0.17,0.9,0.03,-0.03,-0.17
3.7505829334259033,1703ad9a,Right Hand,-0.38,-0.17,0.9,0.03,-0.03,-0.17
3.7509958744049072,1703ad9a,Right Hand,-0.38,-0.17,0.9,0.03,-0.03,-0.17
3.7515149116516113,1703ad9a,Right Hand,-0.4,-0.16,0.88,0.0,0.01,-0.11
3.752239942550659,1703ad9a,Right Hand,-0.4,-0.16,0.88,0.0,0.01,-0.11
3.7535810470581055,1703ad9a,Right Hand,-0.4,-0.16,0.88,0.0,0.01,-0.11
3.8060226440429688,1703ad9a,Right Hand,-0.4,-0.16,0.88,0.0,0.01,-0.11
3.806135654449463,1703ad9a,Right Hand,-0.4,-0.16,0.88,0.0,0.01,-0.11
3.8061575889587402,1703ad9a,Right Hand,-0.4,-0.16,0.88,0.0,0.01,-0.11
3.8061771392822266,1703ad9a,Right Hand,-0.4,-0.16,0.88,0.0,0.01,-0.11
3.8061962127685547,1703ad9a,Right Hand,-0.38,-0.18,0.88,-0.06,-0.01,-0.04
3.8062150478363037,1703ad9a,Right Hand,-0.38,-0.18,0.88,-0.06,-0.01,-0.04
3.8062450885772705,1703ad9a,Right Hand,-0.38,-0.18,0.88,-0.06,-0.01,-0.04
3.806262254714966,1703ad9a,Right Hand,-0.38,-0.18,0.88,-0.06,-0.01,-0.04
3.807857036590576,1703ad9a,Right Hand,-0.38,-0.18,0.88,-0.06,-0.01,-0.04
3.8081204891204834,1703ad9a,Right Hand,-0.38,-0.18,0.88,-0.06,-0.01,-0.04
3.8082053661346436,1703ad9a,Right Hand,-0.38,-0.18,0.88,-0.06,-0.01,-0.04
3.8088467121124268,1703ad9a,Right Hand,-0.4,-0.13,0.86,-0.04,-0.01,-0.06
3.8094348907470703,1703ad9a,Right Hand,-0.4,-0.13,0.86,-0.04,-0.01,-0.06
3.8101444244384766,1703ad9a,Right Hand,-0.4,-0.13,0.86,-0.04,-0.01,-0.06
3.8106510639190674,1703ad9a,Right Hand,-0.4,-0.13,0.86,-0.04,-0.01,-0.06
3.811150550842285,1703ad9a,Right Hand,-0.4,-0.13,0.86,-0.04,-0.01,-0.06
3.8116884231567383,1703ad9a,Right Hand,-0.4,-0.13,0.86,-0.04,-0.01,-0.06
3.812166690826416,1703ad9a,Right Hand,-0.4,-0.13,0.86,-0.04,-0.01,-0.06
3.812626838684082,1703ad9a,Right Hand,-0.41,-0.14,0.86,0.09,0.01,-0.11
3.8132686614990234,1703ad9a,Right Hand,-0.41,-0.14,0.86,0.09,0.01,-0.11
3.813908576965332,1703ad9a,Right Hand,-0.41,-0.14,0.86,0.09,0.01,-0.11
3.8144638538360596,1703ad9a,Right Hand,-0.41,-0.14,0.86,0.09,0.01,-0.11
3.8154115676879883,1703ad9a,Right Hand,-0.41,-0.14,0.86,0.09,0.01,-0.11
3.8779091835021973,1703ad9a,Right Hand,-0.41,-0.14,0.86,0.09,0.01,-0.11
3.8780195713043213,1703ad9a,Right Hand,-0.41,-0.14,0.86,0.09,0.01,-0.11
3.878041982650757,1703ad9a,Right Hand,-0.41,-0.12,0.85,0.08,0.01,-0.11
3.878061294555664,1703ad9a,Right Hand,-0.41,-0.12,0.85,0.08,0.01,-0.11
3.8780910968780518,1703ad9a,Right Hand,-0.41,-0.12,0.85,0.08,0.01,-0.11
3.878109931945801,1703ad9a,Right Hand,-0.41,-0.12,0.85,0.08,0.01,-0.11
3.8781285285949707,1703ad9a,Right Hand,-0.41,-0.12,0.85,0.08,0.01,-0.11
3.8781466484069824,1703ad9a,Right Hand,-0.41,-0.12,0.85,0.08,0.01,-0.11
3.8798882961273193,1703ad9a,Right Hand,-0.41,-0.12,0.85,0.08,0.01,-0.11
3.8800530433654785,1703ad9a,Right Hand,-0.43,-0.11,0.82,0.01,-0.02,-0.07
3.940777540206909,1703ad9a,Right Hand,-0.43,-0.11,0.82,0.01,-0.02,-0.07
3.9411559104919434,1703ad9a,Right Hand,-0.43,-0.11,0.82,0.01,-0.02,-0.07
3.9412174224853516,1703ad9a,Right Hand,-0.43,-0.11,0.82,0.01,-0.02,-0.07
3.9412457942962646,1703ad9a,Right Hand,-0.43,-0.11,0.82,0.01,-0.02,-0.07
3.9412739276885986,1703ad9a,Right Hand,-0.43,-0.11,0.82,0.01,-0.02,-0.07
3.94130277633667,1703ad9a,Right Hand,-0.43,-0.11,0.82,0.01,-0.02,-0.07
3.941331624984741,1703ad9a,Right Hand,-0.43,-0.11,0.82,0.01,-0.02,-0.07
3.941349983215332,1703ad9a,Right Hand,-0.42,-0.11,0.85,-0.05,-0.07,-0.07
3.9413676261901855,1703ad9a,Right Hand,-0.42,-0.11,0.85,-0.05,-0.07,-0.07
3.941385269165039,1703ad9a,Right Hand,-0.42,-0.11,0.85,-0.05,-0.07,-0.07
3.9414052963256836,1703ad9a,Right Hand,-0.42,-0.11,0.85,-0.05,-0.07,-0.07
3.942257881164551,1703ad9a,Right Hand,-0.42,-0.11,0.85,-0.05,-0.07,-0.07
4.002448320388794,1703ad9a,Right Hand,-0.42,-0.11,0.85,-0.05,-0.07,-0.07
4.0025999546051025,1703ad9a,Right Hand,-0.42,-0.11,0.85,-0.05,-0.07,-0.07
4.002659559249878,1703ad9a,Right Hand,-0.41,-0.11,0.88,-0.11,-0.05,-0.08
4.0026819705963135,1703ad9a,Right Hand,-0.41,-0.11,0.88,-0.11,-0.05,-0.08
4.0027008056640625,1703ad9a,Right Hand,-0.41,-0.11,0.88,-0.11,-0.05,-0.08
4.002719879150391,1703ad9a,Right Hand,-0.41,-0.11,0.88,-0.11,-0.05,-0.08
4.002737998962402,1703ad9a,Right Hand,-0.41,-0.11,0.88,-0.11,-0.05,-0.08
4.00275731086731,1703ad9a,Right Hand,-0.41,-0.11,0.88,-0.11,-0.05,-0.08
4.002788066864014,1703ad9a,Right Hand,-0.41,-0.11,0.88,-0.11,-0.05,-0.08
4.002827882766724,1703ad9a,Right Hand,-0.4,-0.15,0.87,-0.11,-0.0,-0.11
4.002869129180908,1703ad9a,Right Hand,-0.4,-0.15,0.87,-0.11,-0.0,-0.11
4.002889633178711,1703ad9a,Right Hand,-0.4,-0.15,0.87,-0.11,-0.0,-0.11
4.004789113998413,1703ad9a,Right Hand,-0.4,-0.15,0.87,-0.11,-0.0,-0.11
4.0049238204956055,1703ad9a,Right Hand,-0.4,-0.15,0.87,-0.11,-0.0,-0.11
4.004945755004883,1703ad9a,Right Hand,-0.4,-0.15,0.87,-0.11,-0.0,-0.11
4.006263732910156,1703ad9a,Right Hand,-0.4,-0.15,0.89,-0.08,0.03,-0.09
4.006605625152588,1703ad9a,Right Hand,-0.4,-0.15,0.89,-0.08,0.03,-0.09
4.0675177574157715,1703ad9a,Right Hand,-0.4,-0.15,0.89,-0.08,0.03,-0.09
4.067888259887695,1703ad9a,Right Hand,-0.4,-0.15,0.89,-0.08,0.03,-0.09
4.067938566207886,1703ad9a,Right Hand,-0.4,-0.15,0.89,-0.08,0.03,-0.09
4.067960739135742,1703ad9a,Right Hand,-0.4,-0.15,0.89,-0.08,0.03,-0.09
4.067993640899658,1703ad9a,Right Hand,-0.4,-0.15,0.89,-0.08,0.03,-0.09
4.068012952804565,1703ad9a,Right Hand,-0.4,-0.17,0.87,-0.16,0.03,-0.03
4.068032503128052,1703ad9a,Right Hand,-0.4,-0.17,0.87,-0.16,0.03,-0.03
4.068052530288696,1703ad9a,Right Hand,-0.4,-0.17,0.87,-0.16,0.03,-0.03
4.068072319030762,1703ad9a,Right Hand,-0.4,-0.17,0.87,-0.16,0.03,-0.03
4.068089485168457,1703ad9a,Right Hand,-0.4,-0.17,0.87,-0.16,0.03,-0.03
4.068140506744385,1703ad9a,Right Hand,-0.4,-0.17,0.87,-0.16,0.03,-0.03
4.070628643035889,1703ad9a,Right Hand,-0.4,-0.17,0.87,-0.16,0.03,-0.03
4.0709404945373535,1703ad9a,Right Hand,-0.4,-0.17,0.87,-0.16,0.03,-0.03
4.0709922313690186,1703ad9a,Right Hand,-0.41,-0.14,0.86,-0.16,0.05,-0.02
4.071030139923096,1703ad9a,Right Hand,-0.41,-0.14,0.86,-0.16,0.05,-0.02
4.1337807178497314,1703ad9a,Right Hand,-0.41,-0.14,0.86,-0.16,0.05,-0.02
4.133890151977539,1703ad9a,Right Hand,-0.41,-0.14,0.86,-0.16,0.05,-0.02
4.133918523788452,1703ad9a,Right Hand,-0.41,-0.14,0.86,-0.16,0.05,-0.02
4.133938550949097,1703ad9a,Right Hand,-0.41,-0.14,0.86,-0.16,0.05,-0.02
4.133965730667114,1703ad9a,Right Hand,-0.41,-0.14,0.86,-0.16,0.05,-0.02
4.133985280990601,1703ad9a,Right Hand,-0.43,-0.16,0.81,-0.03,0.08,-0.08
4.134003639221191,1703ad9a,Right Hand,-0.43,-0.16,0.81,-0.03,0.08,-0.08
4.134021282196045,1703ad9a,Right Hand,-0.43,-0.16,0.81,-0.03,0.08,-0.08
4.134040832519531,1703ad9a,Right Hand,-0.43,-0.16,0.81,-0.03,0.08,-0.08
4.134074687957764,1703ad9a,Right Hand,-0.43,-0.16,0.81,-0.03,0.08,-0.08
4.134138345718384,1703ad9a,Right Hand,-0.43,-0.16,0.81,-0.03,0.08,-0.08
4.134189605712891,1703ad9a,Right Hand,-0.45,-0.13,0.81,0.02,0.02,-0.1
4.193156003952026,1703ad9a,Right Hand,-0.45,-0.13,0.81,0.02,0.02,-0.1
4.1936023235321045,1703ad9a,Right Hand,-0.45,-0.13,0.81,0.02,0.02,-0.1
4.193661689758301,1703ad9a,Right Hand,-0.45,-0.13,0.81,0.02,0.02,-0.1
4.1936962604522705,1703ad9a,Right Hand,-0.45,-0.13,0.81,0.02,0.02,-0.1
4.193716526031494,1703ad9a,Right Hand,-0.45,-0.13,0.81,0.02,0.02,-0.1
4.19373631477356,1703ad9a,Right Hand,-0.45,-0.13,0.81,0.02,0.02,-0.1
4.19379734992981,1703ad9a,Right Hand,-0.45,-0.13,0.81,0.02,0.02,-0.1
4.193819522857666,1703ad9a,Right Hand,-0.43,-0.14,0.83,0.04,-0.01,-0.08
4.193846702575684,1703ad9a,Right Hand,-0.43,-0.14,0.83,0.04,-0.01,-0.08
4.193910598754883,1703ad9a,Right Hand,-0.43,-0.14,0.83,0.04,-0.01,-0.08
4.193992853164673,1703ad9a,Right Hand,-0.43,-0.14,0.83,0.04,-0.01,-0.08
4.1940367221832275,1703ad9a,Right Hand,-0.43,-0.14,0.83,0.04,-0.01,-0.08
4.194066762924194,1703ad9a,Right Hand,-0.43,-0.14,0.83,0.04,-0.01,-0.08
4.194086074829102,1703ad9a,Right Hand,-0.43,-0.14,0.83,0.04,-0.01,-0.08
4.194117546081543,1703ad9a,Right Hand,-0.43,-0.14,0.84,0.01,-0.04,-0.08
