timestamp,user_id,hand_preference,acc_x,acc_y,acc_z,gyro_x,gyro_y,gyro_z
0.0008382797241210938,5a43b542,Right Hand,-0.1,-0.2,0.94,-0.03,-0.04,0.02
0.003185272216796875,5a43b542,Right Hand,-0.1,-0.2,0.94,-0.03,-0.04,0.02
0.004075288772583008,5a43b542,Right Hand,-0.1,-0.2,0.94,-0.03,-0.04,0.02
0.004159450531005859,5a43b542,Right Hand,-0.1,-0.2,0.94,-0.03,-0.04,0.02
0.004181861877441406,5a43b542,Right Hand,-0.1,-0.2,0.94,-0.03,-0.04,0.02
0.00420069694519043,5a43b542,Right Hand,-0.1,-0.19,0.95,-0.05,-0.05,0.03
0.0042192935943603516,5a43b542,Right Hand,-0.1,-0.19,0.95,-0.05,-0.05,0.03
0.0604398250579834,5a43b542,Right Hand,-0.1,-0.19,0.95,-0.05,-0.05,0.03
0.06448960304260254,5a43b542,Right Hand,-0.1,-0.19,0.95,-0.05,-0.05,0.03
0.06455540657043457,5a43b542,Right Hand,-0.1,-0.19,0.95,-0.05,-0.05,0.03
0.0645754337310791,5a43b542,Right Hand,-0.1,-0.19,0.95,-0.05,-0.05,0.03
0.06459474563598633,5a43b542,Right Hand,-0.1,-0.19,0.95,-0.05,-0.05,0.03
0.06463122367858887,5a43b542,Right Hand,-0.1,-0.21,0.94,-0.06,-0.05,0.03
0.06464815139770508,5a43b542,Right Hand,-0.1,-0.21,0.94,-0.06,-0.05,0.03
0.06466531753540039,5a43b542,Right Hand,-0.1,-0.21,0.94,-0.06,-0.05,0.03
0.0646829605102539,5a43b542,Right Hand,-0.1,-0.21,0.94,-0.06,-0.05,0.03
0.06469988822937012,5a43b542,Right Hand,-0.1,-0.21,0.94,-0.06,-0.05,0.03
0.06471753120422363,5a43b542,Right Hand,-0.1,-0.21,0.94,-0.06,-0.05,0.03
0.0647587776184082,5a43b542,Right Hand,-0.1,-0.21,0.94,-0.06,-0.05,0.03
0.06477546691894531,5a43b542,Right Hand,-0.11,-0.2,0.93,-0.08,-0.08,0.04
0.06479215621948242,5a43b542,Right Hand,-0.11,-0.2,0.93,-0.08,-0.08,0.04
0.06496572494506836,5a43b542,Right Hand,-0.11,-0.2,0.93,-0.08,-0.08,0.04
0.06499171257019043,5a43b542,Right Hand,-0.11,-0.2,0.93,-0.08,-0.08,0.04
0.06502914428710938,5a43b542,Right Hand,-0.11,-0.2,0.93,-0.08,-0.08,0.04
0.06504631042480469,5a43b542,Right Hand,-0.11,-0.2,0.93,-0.08,-0.08,0.04
0.0650639533996582,5a43b542,Right Hand,-0.11,-0.2,0.93,-0.08,-0.08,0.04
0.1212162971496582,5a43b542,Right Hand,-0.1,-0.19,0.91,-0.04,-0.11,0.03
0.12208318710327148,5a43b542,Right Hand,-0.1,-0.19,0.91,-0.04,-0.11,0.03
0.12217569351196289,5a43b542,Right Hand,-0.1,-0.19,0.91,-0.04,-0.11,0.03
0.12222433090209961,5a43b542,Right Hand,-0.1,-0.19,0.91,-0.04,-0.11,0.03
0.12227416038513184,5a43b542,Right Hand,-0.1,-0.19,0.91,-0.04,-0.11,0.03
0.12231230735778809,5a43b542,Right Hand,-0.1,-0.19,0.91,-0.04,-0.11,0.03
0.12234854698181152,5a43b542,Right Hand,-0.1,-0.19,0.91,-0.04,-0.11,0.03
0.12238478660583496,5a43b542,Right Hand,-0.09,-0.16,0.92,0.03,-0.14,-0.01
0.1224210262298584,5a43b542,Right Hand,-0.09,-0.16,0.92,0.03,-0.14,-0.01
0.1224668025970459,5a43b542,Right Hand,-0.09,-0.16,0.92,0.03,-0.14,-0.01
0.12250256538391113,5a43b542,Right Hand,-0.09,-0.16,0.92,0.03,-0.14,-0.01
0.17304372787475586,5a43b542,Right Hand,-0.09,-0.16,0.92,0.03,-0.14,-0.01
0.1731557846069336,5a43b542,Right Hand,-0.09,-0.16,0.92,0.03,-0.14,-0.01
0.17317771911621094,5a43b542,Right Hand,-0.09,-0.16,0.92,0.03,-0.14,-0.01
0.17319631576538086,5a43b542,Right Hand,-0.07,-0.15,0.93,0.02,-0.14,-0.04
0.17321419715881348,5a43b542,Right Hand,-0.07,-0.15,0.93,0.02,-0.14,-0.04
0.17323088645935059,5a43b542,Right Hand,-0.07,-0.15,0.93,0.02,-0.14,-0.04
0.1732480525970459,5a43b542,Right Hand,-0.07,-0.15,0.93,0.02,-0.14,-0.04
0.17328858375549316,5a43b542,Right Hand,-0.07,-0.15,0.93,0.02,-0.14,-0.04
0.17330646514892578,5a43b542,Right Hand,-0.07,-0.15,0.93,0.02,-0.14,-0.04
0.17336273193359375,5a43b542,Right Hand,-0.07,-0.15,0.93,0.02,-0.14,-0.04
0.17343926429748535,5a43b542,Right Hand,-0.07,-0.11,0.94,0.06,-0.19,-0.06
0.1734769344329834,5a43b542,Right Hand,-0.07,-0.11,0.94,0.06,-0.19,-0.06
0.22114014625549316,5a43b542,Right Hand,-0.07,-0.11,0.94,0.06,-0.19,-0.06
0.2212214469909668,5a43b542,Right Hand,-0.07,-0.11,0.94,0.06,-0.19,-0.06
0.22126078605651855,5a43b542,Right Hand,-0.07,-0.11,0.94,0.06,-0.19,-0.06
0.2212834358215332,5a43b542,Right Hand,-0.07,-0.11,0.94,0.06,-0.19,-0.06
0.22132635116577148,5a43b542,Right Hand,-0.07,-0.11,0.94,0.06,-0.19,-0.06
0.22136735916137695,5a43b542,Right Hand,-0.04,-0.02,0.98,0.11,-0.17,-0.15
0.2213888168334961,5a43b542,Right Hand,-0.04,-0.02,0.98,0.11,-0.17,-0.15
0.22140741348266602,5a43b542,Right Hand,-0.04,-0.02,0.98,0.11,-0.17,-0.15
0.22143077850341797,5a43b542,Right Hand,-0.04,-0.02,0.98,0.11,-0.17,-0.15
0.22149395942687988,5a43b542,Right Hand,-0.04,-0.02,0.98,0.11,-0.17,-0.15
0.27169299125671387,5a43b542,Right Hand,-0.04,-0.02,0.98,0.11,-0.17,-0.15
0.27210021018981934,5a43b542,Right Hand,-0.04,-0.02,0.98,0.11,-0.17,-0.15
0.2721593379974365,5a43b542,Right Hand,-0.04,0.14,1.06,0.09,-0.09,-0.31
0.27219653129577637,5a43b542,Right Hand,-0.04,0.14,1.06,0.09,-0.09,-0.31
0.2722504138946533,5a43b542,Right Hand,-0.04,0.14,1.06,0.09,-0.09,-0.31
0.27228331565856934,5a43b542,Right Hand,-0.04,0.14,1.06,0.09,-0.09,-0.31
0.27231764793395996,5a43b542,Right Hand,-0.04,0.14,1.06,0.09,-0.09,-0.31
0.2723507881164551,5a43b542,Right Hand,-0.04,0.14,1.06,0.09,-0.09,-0.31
0.2723832130432129,5a43b542,Right Hand,-0.04,0.14,1.06,0.09,-0.09,-0.31
0.27243590354919434,5a43b542,Right Hand,-0.03,0.16,1.12,0.08,0.12,-0.54
0.2724924087524414,5a43b542,Right Hand,-0.03,0.16,1.12,0.08,0.12,-0.54
0.32848119735717773,5a43b542,Right Hand,-0.03,0.16,1.12,0.08,0.12,-0.54
0.32900547981262207,5a43b542,Right Hand,-0.03,0.16,1.12,0.08,0.12,-0.54
0.32907843589782715,5a43b542,Right Hand,-0.03,0.16,1.12,0.08,0.12,-0.54
0.3291018009185791,5a43b542,Right Hand,-0.03,0.16,1.12,0.08,0.12,-0.54
0.329120397567749,5a43b542,Right Hand,-0.03,0.16,1.12,0.08,0.12,-0.54
0.32915830612182617,5a43b542,Right Hand,-0.07,0.31,1.21,0.14,0.32,-0.81
0.3291757106781006,5a43b542,Right Hand,-0.07,0.31,1.21,0.14,0.32,-0.81
0.3291950225830078,5a43b542,Right Hand,-0.07,0.31,1.21,0.14,0.32,-0.81
0.32921338081359863,5a43b542,Right Hand,-0.07,0.31,1.21,0.14,0.32,-0.81
0.32923054695129395,5a43b542,Right Hand,-0.07,0.31,1.21,0.14,0.32,-0.81
0.32929348945617676,5a43b542,Right Hand,-0.07,0.31,1.21,0.14,0.32,-0.81
0.32934021949768066,5a43b542,Right Hand,-0.07,0.31,1.21,0.14,0.32,-0.81
0.3304469585418701,5a43b542,Right Hand,-0.07,0.31,1.21,0.14,0.32,-0.81
0.38555335998535156,5a43b542,Right Hand,-0.02,0.27,1.34,-0.38,0.44,-0.89
0.38571691513061523,5a43b542,Right Hand,-0.02,0.27,1.34,-0.38,0.44,-0.89
0.38576483726501465,5a43b542,Right Hand,-0.02,0.27,1.34,-0.38,0.44,-0.89
0.3857848644256592,5a43b542,Right Hand,-0.02,0.27,1.34,-0.38,0.44,-0.89
0.3858039379119873,5a43b542,Right Hand,-0.02,0.27,1.34,-0.38,0.44,-0.89
0.385822057723999,5a43b542,Right Hand,-0.02,0.27,1.34,-0.38,0.44,-0.89
0.38584136962890625,5a43b542,Right Hand,-0.02,0.27,1.34,-0.38,0.44,-0.89
0.38585853576660156,5a43b542,Right Hand,-0.06,0.11,1.32,-0.93,0.59,-0.94
0.38589954376220703,5a43b542,Right Hand,-0.06,0.11,1.32,-0.93,0.59,-0.94
0.38591790199279785,5a43b542,Right Hand,-0.06,0.11,1.32,-0.93,0.59,-0.94
0.3859724998474121,5a43b542,Right Hand,-0.06,0.11,1.32,-0.93,0.59,-0.94
0.38599538803100586,5a43b542,Right Hand,-0.06,0.11,1.32,-0.93,0.59,-0.94
0.3860127925872803,5a43b542,Right Hand,-0.06,0.11,1.32,-0.93,0.59,-0.94
0.38644886016845703,5a43b542,Right Hand,-0.06,0.11,1.32,-0.93,0.59,-0.94
0.43784189224243164,5a43b542,Right Hand,-0.15,-0.12,1.19,-1.01,0.73,-1.15
0.43804454803466797,5a43b542,Right Hand,-0.15,-0.12,1.19,-1.01,0.73,-1.15
0.43807339668273926,5a43b542,Right Hand,-0.15,-0.12,1.19,-1.01,0.73,-1.15
0.4380936622619629,5a43b542,Right Hand,-0.15,-0.12,1.19,-1.01,0.73,-1.15
0.4381370544433594,5a43b542,Right Hand,-0.15,-0.12,1.19,-1.01,0.73,-1.15
0.4381551742553711,5a43b542,Right Hand,-0.15,-0.12,1.19,-1.01,0.73,-1.15
0.4381730556488037,5a43b542,Right Hand,-0.15,-0.12,1.19,-1.01,0.73,-1.15
0.4381904602050781,5a43b542,Right Hand,-0.19,-0.47,1.03,-0.89,0.88,-1.35
0.43820810317993164,5a43b542,Right Hand,-0.19,-0.47,1.03,-0.89,0.88,-1.35
0.43823719024658203,5a43b542,Right Hand,-0.19,-0.47,1.03,-0.89,0.88,-1.35
0.4382791519165039,5a43b542,Right Hand,-0.19,-0.47,1.03,-0.89,0.88,-1.35
0.4387209415435791,5a43b542,Right Hand,-0.19,-0.47,1.03,-0.89,0.88,-1.35
0.43912386894226074,5a43b542,Right Hand,-0.19,-0.47,1.03,-0.89,0.88,-1.35
0.4395766258239746,5a43b542,Right Hand,-0.19,-0.47,1.03,-0.89,0.88,-1.35
0.4400002956390381,5a43b542,Right Hand,-0.16,-0.82,0.87,-0.78,0.89,-1.15
0.4404773712158203,5a43b542,Right Hand,-0.16,-0.82,0.87,-0.78,0.89,-1.15
0.44095897674560547,5a43b542,Right Hand,-0.16,-0.82,0.87,-0.78,0.89,-1.15
0.44142627716064453,5a43b542,Right Hand,-0.16,-0.82,0.87,-0.78,0.89,-1.15
0.4418976306915283,5a43b542,Right Hand,-0.16,-0.82,0.87,-0.78,0.89,-1.15
0.4423820972442627,5a43b542,Right Hand,-0.16,-0.82,0.87,-0.78,0.89,-1.15
0.44289565086364746,5a43b542,Right Hand,-0.16,-0.82,0.87,-0.78,0.89,-1.15
0.4434497356414795,5a43b542,Right Hand,-0.23,-1.0,0.69,-0.49,0.7,-0.7
0.4443376064300537,5a43b542,Right Hand,-0.23,-1.0,0.69,-0.49,0.7,-0.7
0.4453291893005371,5a43b542,Right Hand,-0.23,-1.0,0.69,-0.49,0.7,-0.7
0.4462430477142334,5a43b542,Right Hand,-0.23,-1.0,0.69,-0.49,0.7,-0.7
0.446871280670166,5a43b542,Right Hand,-0.23,-1.0,0.69,-0.49,0.7,-0.7
0.4474320411682129,5a43b542,Right Hand,-0.23,-1.0,0.69,-0.49,0.7,-0.7
0.4480559825897217,5a43b542,Right Hand,-0.23,-1.0,0.69,-0.49,0.7,-0.7
0.4486393928527832,5a43b542,Right Hand,-0.22,-1.08,0.56,-0.08,0.47,-0.38
0.4491760730743408,5a43b542,Right Hand,-0.22,-1.08,0.56,-0.08,0.47,-0.38
0.5039725303649902,5a43b542,Right Hand,-0.22,-1.08,0.56,-0.08,0.47,-0.38
0.5040771961212158,5a43b542,Right Hand,-0.22,-1.08,0.56,-0.08,0.47,-0.38
0.504101037979126,5a43b542,Right Hand,-0.22,-1.08,0.56,-0.08,0.47,-0.38
0.5041210651397705,5a43b542,Right Hand,-0.22,-1.08,0.56,-0.08,0.47,-0.38
0.5041394233703613,5a43b542,Right Hand,-0.22,-1.08,0.56,-0.08,0.47,-0.38
0.5041754245758057,5a43b542,Right Hand,-0.12,-1.14,0.48,0.16,0.14,0.1
0.5041928291320801,5a43b542,Right Hand,-0.12,-1.14,0.48,0.16,0.14,0.1
0.5042107105255127,5a43b542,Right Hand,-0.12,-1.14,0.48,0.16,0.14,0.1
0.5042276382446289,5a43b542,Right Hand,-0.12,-1.14,0.48,0.16,0.14,0.1
0.5042533874511719,5a43b542,Right Hand,-0.12,-1.14,0.48,0.16,0.14,0.1
0.5042879581451416,5a43b542,Right Hand,-0.12,-1.14,0.48,0.16,0.14,0.1
0.5046982765197754,5a43b542,Right Hand,-0.12,-1.14,0.48,0.16,0.14,0.1
0.505124568939209,5a43b542,Right Hand,-0.07,-1.12,0.37,0.45,-0.22,0.67
0.5055158138275146,5a43b542,Right Hand,-0.07,-1.12,0.37,0.45,-0.22,0.67
0.5058929920196533,5a43b542,Right Hand,-0.07,-1.12,0.37,0.45,-0.22,0.67
0.5062825679779053,5a43b542,Right Hand,-0.07,-1.12,0.37,0.45,-0.22,0.67
0.5067472457885742,5a43b542,Right Hand,-0.07,-1.12,0.37,0.45,-0.22,0.67
0.5072109699249268,5a43b542,Right Hand,-0.07,-1.12,0.37,0.45,-0.22,0.67
0.5076961517333984,5a43b542,Right Hand,-0.07,-1.12,0.37,0.45,-0.22,0.67
0.5081636905670166,5a43b542,Right Hand,-0.06,-0.92,0.29,0.83,-0.49,1.2
0.5086114406585693,5a43b542,Right Hand,-0.06,-0.92,0.29,0.83,-0.49,1.2
0.5090775489807129,5a43b542,Right Hand,-0.06,-0.92,0.29,0.83,-0.49,1.2
0.5095171928405762,5a43b542,Right Hand,-0.06,-0.92,0.29,0.83,-0.49,1.2
0.5099987983703613,5a43b542,Right Hand,-0.06,-0.92,0.29,0.83,-0.49,1.2
0.5107882022857666,5a43b542,Right Hand,-0.06,-0.92,0.29,0.83,-0.49,1.2
0.5112767219543457,5a43b542,Right Hand,-0.06,-0.92,0.29,0.83,-0.49,1.2
0.5117218494415283,5a43b542,Right Hand,-0.04,-0.62,0.27,1.11,-0.84,1.54
0.5133566856384277,5a43b542,Right Hand,-0.04,-0.62,0.27,1.11,-0.84,1.54
0.5635898113250732,5a43b542,Right Hand,-0.04,-0.62,0.27,1.11,-0.84,1.54
0.5636866092681885,5a43b542,Right Hand,-0.04,-0.62,0.27,1.11,-0.84,1.54
0.5637078285217285,5a43b542,Right Hand,-0.04,-0.62,0.27,1.11,-0.84,1.54
0.5637261867523193,5a43b542,Right Hand,-0.04,-0.62,0.27,1.11,-0.84,1.54
0.563744306564331,5a43b542,Right Hand,-0.04,-0.62,0.27,1.11,-0.84,1.54
0.5637872219085693,5a43b542,Right Hand,0.01,-0.28,0.32,1.34,-1.18,1.75
0.5638048648834229,5a43b542,Right Hand,0.01,-0.28,0.32,1.34,-1.18,1.75
0.5638220310211182,5a43b542,Right Hand,0.01,-0.28,0.32,1.34,-1.18,1.75
0.5638387203216553,5a43b542,Right Hand,0.01,-0.28,0.32,1.34,-1.18,1.75
0.5654468536376953,5a43b542,Right Hand,0.01,-0.28,0.32,1.34,-1.18,1.75
0.5657634735107422,5a43b542,Right Hand,0.01,-0.28,0.32,1.34,-1.18,1.75
0.5658540725708008,5a43b542,Right Hand,0.01,-0.28,0.32,1.34,-1.18,1.75
0.5663332939147949,5a43b542,Right Hand,0.02,0.03,0.36,1.69,-1.53,1.78
0.5667209625244141,5a43b542,Right Hand,0.02,0.03,0.36,1.69,-1.53,1.78
0.5671069622039795,5a43b542,Right Hand,0.02,0.03,0.36,1.69,-1.53,1.78
0.5679597854614258,5a43b542,Right Hand,0.02,0.03,0.36,1.69,-1.53,1.78
0.5688707828521729,5a43b542,Right Hand,0.02,0.03,0.36,1.69,-1.53,1.78
0.5693891048431396,5a43b542,Right Hand,0.02,0.03,0.36,1.69,-1.53,1.78
0.5698292255401611,5a43b542,Right Hand,0.02,0.03,0.36,1.69,-1.53,1.78
0.5702979564666748,5a43b542,Right Hand,0.1,0.4,0.57,1.93,-1.78,1.49
0.5707666873931885,5a43b542,Right Hand,0.1,0.4,0.57,1.93,-1.78,1.49
0.5713117122650146,5a43b542,Right Hand,0.1,0.4,0.57,1.93,-1.78,1.49
0.5717630386352539,5a43b542,Right Hand,0.1,0.4,0.57,1.93,-1.78,1.49
0.5721824169158936,5a43b542,Right Hand,0.1,0.4,0.57,1.93,-1.78,1.49
0.5726473331451416,5a43b542,Right Hand,0.1,0.4,0.57,1.93,-1.78,1.49
0.5731372833251953,5a43b542,Right Hand,0.1,0.4,0.57,1.93,-1.78,1.49
0.5754914283752441,5a43b542,Right Hand,0.23,0.77,0.86,2.25,-1.86,1.07
0.6331863403320312,5a43b542,Right Hand,0.23,0.77,0.86,2.25,-1.86,1.07
0.6333110332489014,5a43b542,Right Hand,0.23,0.77,0.86,2.25,-1.86,1.07
0.6333322525024414,5a43b542,Right Hand,0.23,0.77,0.86,2.25,-1.86,1.07
0.6333513259887695,5a43b542,Right Hand,0.23,0.77,0.86,2.25,-1.86,1.07
0.6333694458007812,5a43b542,Right Hand,0.23,0.77,0.86,2.25,-1.86,1.07
0.6333882808685303,5a43b542,Right Hand,0.23,0.77,0.86,2.25,-1.86,1.07
0.6334233283996582,5a43b542,Right Hand,0.31,1.28,1.29,2.1,-1.57,0.45
0.6334404945373535,5a43b542,Right Hand,0.31,1.28,1.29,2.1,-1.57,0.45
0.6334586143493652,5a43b542,Right Hand,0.31,1.28,1.29,2.1,-1.57,0.45
0.633476972579956,5a43b542,Right Hand,0.31,1.28,1.29,2.1,-1.57,0.45
0.6334943771362305,5a43b542,Right Hand,0.31,1.28,1.29,2.1,-1.57,0.45
0.6335184574127197,5a43b542,Right Hand,0.31,1.28,1.29,2.1,-1.57,0.45
0.6335527896881104,5a43b542,Right Hand,0.31,1.28,1.29,2.1,-1.57,0.45
0.6339471340179443,5a43b542,Right Hand,0.31,1.28,1.29,2.1,-1.57,0.45
0.6340909004211426,5a43b542,Right Hand,0.28,1.54,1.55,1.11,-1.09,-0.2
0.6345057487487793,5a43b542,Right Hand,0.28,1.54,1.55,1.11,-1.09,-0.2
0.6349267959594727,5a43b542,Right Hand,0.28,1.54,1.55,1.11,-1.09,-0.2
0.6354150772094727,5a43b542,Right Hand,0.28,1.54,1.55,1.11,-1.09,-0.2
0.6360118389129639,5a43b542,Right Hand,0.28,1.54,1.55,1.11,-1.09,-0.2
0.6864447593688965,5a43b542,Right Hand,0.28,1.54,1.55,1.11,-1.09,-0.2
0.68656325340271,5a43b542,Right Hand,0.28,1.54,1.55,1.11,-1.09,-0.2
0.6865847110748291,5a43b542,Right Hand,0.25,1.66,1.75,-0.02,-0.68,-0.99
0.6866233348846436,5a43b542,Right Hand,0.25,1.66,1.75,-0.02,-0.68,-0.99
0.6866419315338135,5a43b542,Right Hand,0.25,1.66,1.75,-0.02,-0.68,-0.99
0.6866600513458252,5a43b542,Right Hand,0.25,1.66,1.75,-0.02,-0.68,-0.99
0.6866772174835205,5a43b542,Right Hand,0.25,1.66,1.75,-0.02,-0.68,-0.99
0.6866943836212158,5a43b542,Right Hand,0.25,1.66,1.75,-0.02,-0.68,-0.99
0.6867122650146484,5a43b542,Right Hand,0.25,1.66,1.75,-0.02,-0.68,-0.99
0.6884465217590332,5a43b542,Right Hand,0.28,1.41,1.71,-1.32,-0.09,-1.66
0.6885695457458496,5a43b542,Right Hand,0.28,1.41,1.71,-1.32,-0.09,-1.66
0.6888933181762695,5a43b542,Right Hand,0.28,1.41,1.71,-1.32,-0.09,-1.66
0.6893701553344727,5a43b542,Right Hand,0.28,1.41,1.71,-1.32,-0.09,-1.66
0.6897735595703125,5a43b542,Right Hand,0.28,1.41,1.71,-1.32,-0.09,-1.66
0.6901988983154297,5a43b542,Right Hand,0.28,1.41,1.71,-1.32,-0.09,-1.66
0.6906347274780273,5a43b542,Right Hand,0.28,1.41,1.71,-1.32,-0.09,-1.66
0.6910805702209473,5a43b542,Right Hand,0.33,0.85,1.47,-2.34,0.34,-1.98
0.6930983066558838,5a43b542,Right Hand,0.33,0.85,1.47,-2.34,0.34,-1.98
0.7645993232727051,5a43b542,Right Hand,0.33,0.85,1.47,-2.34,0.34,-1.98
0.7647590637207031,5a43b542,Right Hand,0.33,0.85,1.47,-2.34,0.34,-1.98
0.7647819519042969,5a43b542,Right Hand,0.33,0.85,1.47,-2.34,0.34,-1.98
0.7648155689239502,5a43b542,Right Hand,0.33,0.85,1.47,-2.34,0.34,-1.98
0.764833927154541,5a43b542,Right Hand,0.33,0.85,1.47,-2.34,0.34,-1.98
0.7648518085479736,5a43b542,Right Hand,0.39,0.14,1.12,-3.15,0.86,-2.46
0.7648687362670898,5a43b542,Right Hand,0.39,0.14,1.12,-3.15,0.86,-2.46
0.816448450088501,5a43b542,Right Hand,0.39,0.14,1.12,-3.15,0.86,-2.46
0.8165566921234131,5a43b542,Right Hand,0.39,0.14,1.12,-3.15,0.86,-2.46
0.8165788650512695,5a43b542,Right Hand,0.39,0.14,1.12,-3.15,0.86,-2.46
0.8165979385375977,5a43b542,Right Hand,0.39,0.14,1.12,-3.15,0.86,-2.46
0.81662917137146,5a43b542,Right Hand,0.39,0.14,1.12,-3.15,0.86,-2.46
0.8166470527648926,5a43b542,Right Hand,0.41,-0.97,0.69,-3.21,1.26,-2.78
0.8166649341583252,5a43b542,Right Hand,0.41,-0.97,0.69,-3.21,1.26,-2.78
0.8167085647583008,5a43b542,Right Hand,0.41,-0.97,0.69,-3.21,1.26,-2.78
0.8167264461517334,5a43b542,Right Hand,0.41,-0.97,0.69,-3.21,1.26,-2.78
0.8167650699615479,5a43b542,Right Hand,0.41,-0.97,0.69,-3.21,1.26,-2.78
0.8167824745178223,5a43b542,Right Hand,0.41,-0.97,0.69,-3.21,1.26,-2.78
0.8168201446533203,5a43b542,Right Hand,0.41,-0.97,0.69,-3.21,1.26,-2.78
0.8172378540039062,5a43b542,Right Hand,0.1,-1.84,0.13,-2.25,1.0,-1.88
0.8176670074462891,5a43b542,Right Hand,0.1,-1.84,0.13,-2.25,1.0,-1.88
0.818488359451294,5a43b542,Right Hand,0.1,-1.84,0.13,-2.25,1.0,-1.88
0.8190760612487793,5a43b542,Right Hand,0.1,-1.84,0.13,-2.25,1.0,-1.88
0.8198857307434082,5a43b542,Right Hand,0.1,-1.84,0.13,-2.25,1.0,-1.88
0.8205251693725586,5a43b542,Right Hand,0.1,-1.84,0.13,-2.25,1.0,-1.88
0.8210275173187256,5a43b542,Right Hand,0.1,-1.84,0.13,-2.25,1.0,-1.88
0.8214097023010254,5a43b542,Right Hand,0.1,-1.84,0.13,-2.25,1.0,-1.88
0.8220186233520508,5a43b542,Right Hand,-0.15,-2.0,-0.13,-0.98,-0.01,-0.53
0.8230323791503906,5a43b542,Right Hand,-0.15,-2.0,-0.13,-0.98,-0.01,-0.53
0.8720817565917969,5a43b542,Right Hand,-0.15,-2.0,-0.13,-0.98,-0.01,-0.53
0.8721857070922852,5a43b542,Right Hand,-0.15,-2.0,-0.13,-0.98,-0.01,-0.53
0.8722074031829834,5a43b542,Right Hand,-0.15,-2.0,-0.13,-0.98,-0.01,-0.53
0.8722267150878906,5a43b542,Right Hand,-0.15,-2.0,-0.13,-0.98,-0.01,-0.53
0.872244119644165,5a43b542,Right Hand,-0.16,-1.72,0.04,0.44,-0.66,0.34
0.8722615242004395,5a43b542,Right Hand,-0.16,-1.72,0.04,0.44,-0.66,0.34
0.8723025321960449,5a43b542,Right Hand,-0.16,-1.72,0.04,0.44,-0.66,0.34
0.8723194599151611,5a43b542,Right Hand,-0.16,-1.72,0.04,0.44,-0.66,0.34
0.873833417892456,5a43b542,Right Hand,-0.16,-1.72,0.04,0.44,-0.66,0.34
0.8740463256835938,5a43b542,Right Hand,-0.16,-1.72,0.04,0.44,-0.66,0.34
0.8740763664245605,5a43b542,Right Hand,-0.16,-1.72,0.04,0.44,-0.66,0.34
0.8748073577880859,5a43b542,Right Hand,-0.16,-1.43,0.09,0.7,-1.24,1.35
0.8756840229034424,5a43b542,Right Hand,-0.16,-1.43,0.09,0.7,-1.24,1.35
0.8763628005981445,5a43b542,Right Hand,-0.16,-1.43,0.09,0.7,-1.24,1.35
0.8771576881408691,5a43b542,Right Hand,-0.16,-1.43,0.09,0.7,-1.24,1.35
0.8778722286224365,5a43b542,Right Hand,-0.16,-1.43,0.09,0.7,-1.24,1.35
0.8780152797698975,5a43b542,Right Hand,-0.16,-1.43,0.09,0.7,-1.24,1.35
0.8784892559051514,5a43b542,Right Hand,-0.16,-1.43,0.09,0.7,-1.24,1.35
0.8789927959442139,5a43b542,Right Hand,-0.05,-0.89,0.3,1.27,-1.9,2.06
0.8794736862182617,5a43b542,Right Hand,-0.05,-0.89,0.3,1.27,-1.9,2.06
0.8799922466278076,5a43b542,Right Hand,-0.05,-0.89,0.3,1.27,-1.9,2.06
0.880791187286377,5a43b542,Right Hand,-0.05,-0.89,0.3,1.27,-1.9,2.06
0.8815715312957764,5a43b542,Right Hand,-0.05,-0.89,0.3,1.27,-1.9,2.06
0.8821103572845459,5a43b542,Right Hand,-0.05,-0.89,0.3,1.27,-1.9,2.06
0.882544994354248,5a43b542,Right Hand,-0.05,-0.89,0.3,1.27,-1.9,2.06
0.8829824924468994,5a43b542,Right Hand,0.23,-0.27,0.75,2.29,-2.0,2.16
0.8837730884552002,5a43b542,Right Hand,0.23,-0.27,0.75,2.29,-2.0,2.16
0.8844735622406006,5a43b542,Right Hand,0.23,-0.27,0.75,2.29,-2.0,2.16
0.8861002922058105,5a43b542,Right Hand,0.23,-0.27,0.75,2.29,-2.0,2.16
0.8889381885528564,5a43b542,Right Hand,0.23,-0.27,0.75,2.29,-2.0,2.16
0.9453027248382568,5a43b542,Right Hand,0.23,-0.27,0.75,2.29,-2.0,2.16
0.9454729557037354,5a43b542,Right Hand,0.23,-0.27,0.75,2.29,-2.0,2.16
0.9455127716064453,5a43b542,Right Hand,0.48,0.79,1.31,3.08,-1.55,1.61
0.94553542137146,5a43b542,Right Hand,0.48,0.79,1.31,3.08,-1.55,1.61
0.9455559253692627,5a43b542,Right Hand,0.48,0.79,1.31,3.08,-1.55,1.61
0.9455752372741699,5a43b542,Right Hand,0.48,0.79,1.31,3.08,-1.55,1.61
0.9456110000610352,5a43b542,Right Hand,0.48,0.79,1.31,3.08,-1.55,1.61
0.9456279277801514,5a43b542,Right Hand,0.48,0.79,1.31,3.08,-1.55,1.61
0.9456465244293213,5a43b542,Right Hand,0.48,0.79,1.31,3.08,-1.55,1.61
0.9457211494445801,5a43b542,Right Hand,0.64,1.72,1.88,2.32,-0.97,0.69
0.9457998275756836,5a43b542,Right Hand,0.64,1.72,1.88,2.32,-0.97,0.69
0.9466300010681152,5a43b542,Right Hand,0.64,1.72,1.88,2.32,-0.97,0.69
0.9467835426330566,5a43b542,Right Hand,0.64,1.72,1.88,2.32,-0.97,0.69
0.9472732543945312,5a43b542,Right Hand,0.64,1.72,1.88,2.32,-0.97,0.69
0.9477694034576416,5a43b542,Right Hand,0.64,1.72,1.88,2.32,-0.97,0.69
0.948688268661499,5a43b542,Right Hand,0.64,1.72,1.88,2.32,-0.97,0.69
0.9989337921142578,5a43b542,Right Hand,0.64,1.72,1.88,2.32,-0.97,0.69
0.9990508556365967,5a43b542,Right Hand,0.64,2.0,1.94,0.27,-0.36,-0.09
0.9990737438201904,5a43b542,Right Hand,0.64,2.0,1.94,0.27,-0.36,-0.09
0.9991121292114258,5a43b542,Right Hand,0.64,2.0,1.94,0.27,-0.36,-0.09
0.9991312026977539,5a43b542,Right Hand,0.64,2.0,1.94,0.27,-0.36,-0.09
0.9991495609283447,5a43b542,Right Hand,0.64,2.0,1.94,0.27,-0.36,-0.09
0.9991674423217773,5a43b542,Right Hand,0.64,2.0,1.94,0.27,-0.36,-0.09
0.99918532371521,5a43b542,Right Hand,0.64,2.0,1.94,0.27,-0.36,-0.09
0.9992222785949707,5a43b542,Right Hand,0.46,1.8,1.56,-1.17,0.45,-0.88
0.999239444732666,5a43b542,Right Hand,0.46,1.8,1.56,-1.17,0.45,-0.88
0.9992630481719971,5a43b542,Right Hand,0.46,1.8,1.56,-1.17,0.45,-0.88
0.9992804527282715,5a43b542,Right Hand,0.46,1.8,1.56,-1.17,0.45,-0.88
0.9996819496154785,5a43b542,Right Hand,0.46,1.8,1.56,-1.17,0.45,-0.88
1.000152826309204,5a43b542,Right Hand,0.46,1.8,1.56,-1.17,0.45,-0.88
1.0008671283721924,5a43b542,Right Hand,0.46,1.8,1.56,-1.17,0.45,-0.88
1.0013887882232666,5a43b542,Right Hand,0.39,1.35,1.15,-2.17,0.78,-1.74
1.001889944076538,5a43b542,Right Hand,0.39,1.35,1.15,-2.17,0.78,-1.74
1.002617597579956,5a43b542,Right Hand,0.39,1.35,1.15,-2.17,0.78,-1.74
1.0032854080200195,5a43b542,Right Hand,0.39,1.35,1.15,-2.17,0.78,-1.74
1.0055370330810547,5a43b542,Right Hand,0.39,1.35,1.15,-2.17,0.78,-1.74
1.008359432220459,5a43b542,Right Hand,0.39,1.35,1.15,-2.17,0.78,-1.74
1.0111477375030518,5a43b542,Right Hand,0.39,1.35,1.15,-2.17,0.78,-1.74
1.0659229755401611,5a43b542,Right Hand,0.35,0.83,0.74,-3.13,0.81,-2.26
1.0660483837127686,5a43b542,Right Hand,0.35,0.83,0.74,-3.13,0.81,-2.26
1.0660710334777832,5a43b542,Right Hand,0.35,0.83,0.74,-3.13,0.81,-2.26
1.0661134719848633,5a43b542,Right Hand,0.35,0.83,0.74,-3.13,0.81,-2.26
1.0661325454711914,5a43b542,Right Hand,0.35,0.83,0.74,-3.13,0.81,-2.26
1.0661499500274658,5a43b542,Right Hand,0.35,0.83,0.74,-3.13,0.81,-2.26
1.0661673545837402,5a43b542,Right Hand,0.35,0.83,0.74,-3.13,0.81,-2.26
1.0661849975585938,5a43b542,Right Hand,0.24,0.18,0.3,-3.77,0.53,-2.44
1.0662271976470947,5a43b542,Right Hand,0.24,0.18,0.3,-3.77,0.53,-2.44
1.0679121017456055,5a43b542,Right Hand,0.24,0.18,0.3,-3.77,0.53,-2.44
1.0680150985717773,5a43b542,Right Hand,0.24,0.18,0.3,-3.77,0.53,-2.44
1.0684454441070557,5a43b542,Right Hand,0.24,0.18,0.3,-3.77,0.53,-2.44
1.0688362121582031,5a43b542,Right Hand,0.24,0.18,0.3,-3.77,0.53,-2.44
1.0692212581634521,5a43b542,Right Hand,0.24,0.18,0.3,-3.77,0.53,-2.44
1.0696074962615967,5a43b542,Right Hand,0.15,-0.6,0.0,-3.04,0.33,-2.84
1.0699925422668457,5a43b542,Right Hand,0.15,-0.6,0.0,-3.04,0.33,-2.84
1.070413589477539,5a43b542,Right Hand,0.15,-0.6,0.0,-3.04,0.33,-2.84
1.0708370208740234,5a43b542,Right Hand,0.15,-0.6,0.0,-3.04,0.33,-2.84
1.0737080574035645,5a43b542,Right Hand,0.15,-0.6,0.0,-3.04,0.33,-2.84
1.1294419765472412,5a43b542,Right Hand,0.15,-0.6,0.0,-3.04,0.33,-2.84
1.1295626163482666,5a43b542,Right Hand,0.15,-0.6,0.0,-3.04,0.33,-2.84
1.1295864582061768,5a43b542,Right Hand,0.15,-0.6,0.0,-3.04,0.33,-2.84
1.129624605178833,5a43b542,Right Hand,0.09,-1.28,-0.05,-2.0,-0.16,-2.52
1.1296470165252686,5a43b542,Right Hand,0.09,-1.28,-0.05,-2.0,-0.16,-2.52
1.1296665668487549,5a43b542,Right Hand,0.09,-1.28,-0.05,-2.0,-0.16,-2.52
1.1296849250793457,5a43b542,Right Hand,0.09,-1.28,-0.05,-2.0,-0.16,-2.52
1.1297028064727783,5a43b542,Right Hand,0.09,-1.28,-0.05,-2.0,-0.16,-2.52
1.12972092628479,5a43b542,Right Hand,0.09,-1.28,-0.05,-2.0,-0.16,-2.52
1.1297838687896729,5a43b542,Right Hand,0.09,-1.28,-0.05,-2.0,-0.16,-2.52
1.1298058032989502,5a43b542,Right Hand,0.0,-1.41,0.22,-1.08,-0.91,-1.89
1.1302845478057861,5a43b542,Right Hand,0.0,-1.41,0.22,-1.08,-0.91,-1.89
1.1306846141815186,5a43b542,Right Hand,0.0,-1.41,0.22,-1.08,-0.91,-1.89
1.131206750869751,5a43b542,Right Hand,0.0,-1.41,0.22,-1.08,-0.91,-1.89
1.1316864490509033,5a43b542,Right Hand,0.0,-1.41,0.22,-1.08,-0.91,-1.89
1.1324560642242432,5a43b542,Right Hand,0.0,-1.41,0.22,-1.08,-0.91,-1.89
1.1331090927124023,5a43b542,Right Hand,0.0,-1.41,0.22,-1.08,-0.91,-1.89
1.1336302757263184,5a43b542,Right Hand,0.0,-1.54,0.51,-0.89,-1.44,-1.1
1.1845417022705078,5a43b542,Right Hand,0.0,-1.54,0.51,-0.89,-1.44,-1.1
1.184690237045288,5a43b542,Right Hand,0.0,-1.54,0.51,-0.89,-1.44,-1.1
1.1847543716430664,5a43b542,Right Hand,0.0,-1.54,0.51,-0.89,-1.44,-1.1
1.1848182678222656,5a43b542,Right Hand,0.0,-1.54,0.51,-0.89,-1.44,-1.1
1.1848623752593994,5a43b542,Right Hand,0.0,-1.54,0.51,-0.89,-1.44,-1.1
1.1848831176757812,5a43b542,Right Hand,0.0,-1.54,0.51,-0.89,-1.44,-1.1
1.1849009990692139,5a43b542,Right Hand,0.06,-1.6,0.82,-0.22,-1.75,-0.4
1.18491792678833,5a43b542,Right Hand,0.06,-1.6,0.82,-0.22,-1.75,-0.4
1.184938907623291,5a43b542,Right Hand,0.06,-1.6,0.82,-0.22,-1.75,-0.4
1.186678409576416,5a43b542,Right Hand,0.06,-1.6,0.82,-0.22,-1.75,-0.4
1.186797857284546,5a43b542,Right Hand,0.06,-1.6,0.82,-0.22,-1.75,-0.4
1.187309980392456,5a43b542,Right Hand,0.06,-1.6,0.82,-0.22,-1.75,-0.4
1.1874973773956299,5a43b542,Right Hand,0.18,-1.42,1.24,0.29,-1.57,0.19
1.1880736351013184,5a43b542,Right Hand,0.18,-1.42,1.24,0.29,-1.57,0.19
1.1886236667633057,5a43b542,Right Hand,0.18,-1.42,1.24,0.29,-1.57,0.19
1.1891725063323975,5a43b542,Right Hand,0.18,-1.42,1.24,0.29,-1.57,0.19
1.190948247909546,5a43b542,Right Hand,0.18,-1.42,1.24,0.29,-1.57,0.19
1.1962547302246094,5a43b542,Right Hand,0.18,-1.42,1.24,0.29,-1.57,0.19
1.1990816593170166,5a43b542,Right Hand,0.18,-1.42,1.24,0.29,-1.57,0.19
1.2015750408172607,5a43b542,Right Hand,0.34,-1.03,1.65,0.81,-1.05,0.42
1.2044439315795898,5a43b542,Right Hand,0.34,-1.03,1.65,0.81,-1.05,0.42
1.2072184085845947,5a43b542,Right Hand,0.34,-1.03,1.65,0.81,-1.05,0.42
1.2634739875793457,5a43b542,Right Hand,0.34,-1.03,1.65,0.81,-1.05,0.42
1.2636082172393799,5a43b542,Right Hand,0.34,-1.03,1.65,0.81,-1.05,0.42
1.2636306285858154,5a43b542,Right Hand,0.34,-1.03,1.65,0.81,-1.05,0.42
1.2636494636535645,5a43b542,Right Hand,0.34,-1.03,1.65,0.81,-1.05,0.42
1.2636685371398926,5a43b542,Right Hand,0.44,-0.61,2.0,0.83,-0.32,0.61
1.263685941696167,5a43b542,Right Hand,0.44,-0.61,2.0,0.83,-0.32,0.61
1.2637155055999756,5a43b542,Right Hand,0.44,-0.61,2.0,0.83,-0.32,0.61
1.2637333869934082,5a43b542,Right Hand,0.44,-0.61,2.0,0.83,-0.32,0.61
1.2637522220611572,5a43b542,Right Hand,0.44,-0.61,2.0,0.83,-0.32,0.61
1.3120660781860352,5a43b542,Right Hand,0.44,-0.61,2.0,0.83,-0.32,0.61
1.3121757507324219,5a43b542,Right Hand,0.44,-0.61,2.0,0.83,-0.32,0.61
1.3121976852416992,5a43b542,Right Hand,0.49,-0.39,2.0,1.04,0.38,0.54
1.3122169971466064,5a43b542,Right Hand,0.49,-0.39,2.0,1.04,0.38,0.54
1.3122594356536865,5a43b542,Right Hand,0.49,-0.39,2.0,1.04,0.38,0.54
1.3122777938842773,5a43b542,Right Hand,0.49,-0.39,2.0,1.04,0.38,0.54
1.312295913696289,5a43b542,Right Hand,0.49,-0.39,2.0,1.04,0.38,0.54
1.3123137950897217,5a43b542,Right Hand,0.49,-0.39,2.0,1.04,0.38,0.54
1.3123316764831543,5a43b542,Right Hand,0.49,-0.39,2.0,1.04,0.38,0.54
1.3124001026153564,5a43b542,Right Hand,0.49,-0.39,2.0,1.04,0.38,0.54
1.312422513961792,5a43b542,Right Hand,0.55,-0.31,2.0,0.95,1.25,0.51
1.3124582767486572,5a43b542,Right Hand,0.55,-0.31,2.0,0.95,1.25,0.51
1.313084363937378,5a43b542,Right Hand,0.55,-0.31,2.0,0.95,1.25,0.51
1.3136215209960938,5a43b542,Right Hand,0.55,-0.31,2.0,0.95,1.25,0.51
1.3137414455413818,5a43b542,Right Hand,0.55,-0.31,2.0,0.95,1.25,0.51
1.314396858215332,5a43b542,Right Hand,0.55,-0.31,2.0,0.95,1.25,0.51
1.315049171447754,5a43b542,Right Hand,0.55,-0.31,2.0,0.95,1.25,0.51
1.3155083656311035,5a43b542,Right Hand,0.46,-0.31,1.87,0.59,1.92,0.54
1.3159265518188477,5a43b542,Right Hand,0.46,-0.31,1.87,0.59,1.92,0.54
1.3163368701934814,5a43b542,Right Hand,0.46,-0.31,1.87,0.59,1.92,0.54
1.3167643547058105,5a43b542,Right Hand,0.46,-0.31,1.87,0.59,1.92,0.54
1.3171989917755127,5a43b542,Right Hand,0.46,-0.31,1.87,0.59,1.92,0.54
1.3176329135894775,5a43b542,Right Hand,0.46,-0.31,1.87,0.59,1.92,0.54
1.3180508613586426,5a43b542,Right Hand,0.46,-0.31,1.87,0.59,1.92,0.54
1.3184592723846436,5a43b542,Right Hand,0.38,-0.44,1.57,0.36,2.41,0.57
1.3188772201538086,5a43b542,Right Hand,0.38,-0.44,1.57,0.36,2.41,0.57
1.3216228485107422,5a43b542,Right Hand,0.38,-0.44,1.57,0.36,2.41,0.57
1.32417631149292,5a43b542,Right Hand,0.38,-0.44,1.57,0.36,2.41,0.57
1.3787517547607422,5a43b542,Right Hand,0.38,-0.44,1.57,0.36,2.41,0.57
1.3788719177246094,5a43b542,Right Hand,0.38,-0.44,1.57,0.36,2.41,0.57
1.3788940906524658,5a43b542,Right Hand,0.38,-0.44,1.57,0.36,2.41,0.57
1.3789141178131104,5a43b542,Right Hand,0.28,-0.57,1.18,0.59,2.61,0.64
1.3789324760437012,5a43b542,Right Hand,0.28,-0.57,1.18,0.59,2.61,0.64
1.3789501190185547,5a43b542,Right Hand,0.28,-0.57,1.18,0.59,2.61,0.64
1.3789918422698975,5a43b542,Right Hand,0.28,-0.57,1.18,0.59,2.61,0.64
1.3790092468261719,5a43b542,Right Hand,0.28,-0.57,1.18,0.59,2.61,0.64
1.3790276050567627,5a43b542,Right Hand,0.28,-0.57,1.18,0.59,2.61,0.64
1.379044771194458,5a43b542,Right Hand,0.28,-0.57,1.18,0.59,2.61,0.64
1.380647897720337,5a43b542,Right Hand,0.24,-0.51,0.95,0.9,2.47,0.73
1.3811509609222412,5a43b542,Right Hand,0.24,-0.51,0.95,0.9,2.47,0.73
1.3815810680389404,5a43b542,Right Hand,0.24,-0.51,0.95,0.9,2.47,0.73
1.3819763660430908,5a43b542,Right Hand,0.24,-0.51,0.95,0.9,2.47,0.73
1.382361888885498,5a43b542,Right Hand,0.24,-0.51,0.95,0.9,2.47,0.73
1.3827497959136963,5a43b542,Right Hand,0.24,-0.51,0.95,0.9,2.47,0.73
1.383141040802002,5a43b542,Right Hand,0.24,-0.51,0.95,0.9,2.47,0.73
1.3835291862487793,5a43b542,Right Hand,0.25,-0.45,0.72,1.0,2.37,0.79
1.3839259147644043,5a43b542,Right Hand,0.25,-0.45,0.72,1.0,2.37,0.79
1.3891375064849854,5a43b542,Right Hand,0.25,-0.45,0.72,1.0,2.37,0.79
1.3919315338134766,5a43b542,Right Hand,0.25,-0.45,0.72,1.0,2.37,0.79
1.4442367553710938,5a43b542,Right Hand,0.25,-0.45,0.72,1.0,2.37,0.79
1.4443542957305908,5a43b542,Right Hand,0.25,-0.45,0.72,1.0,2.37,0.79
1.4443950653076172,5a43b542,Right Hand,0.25,-0.45,0.72,1.0,2.37,0.79
1.444413661956787,5a43b542,Right Hand,0.14,-0.39,0.49,0.98,2.19,0.96
1.4444327354431152,5a43b542,Right Hand,0.14,-0.39,0.49,0.98,2.19,0.96
1.444450855255127,5a43b542,Right Hand,0.14,-0.39,0.49,0.98,2.19,0.96
1.4444692134857178,5a43b542,Right Hand,0.14,-0.39,0.49,0.98,2.19,0.96
1.444504976272583,5a43b542,Right Hand,0.14,-0.39,0.49,0.98,2.19,0.96
1.444523572921753,5a43b542,Right Hand,0.14,-0.39,0.49,0.98,2.19,0.96
1.4466300010681152,5a43b542,Right Hand,0.14,-0.39,0.49,0.98,2.19,0.96
1.4467463493347168,5a43b542,Right Hand,-0.01,-0.29,0.27,1.0,1.56,1.21
1.447373628616333,5a43b542,Right Hand,-0.01,-0.29,0.27,1.0,1.56,1.21
1.4475882053375244,5a43b542,Right Hand,-0.01,-0.29,0.27,1.0,1.56,1.21
1.5005674362182617,5a43b542,Right Hand,-0.01,-0.29,0.27,1.0,1.56,1.21
1.5006771087646484,5a43b542,Right Hand,-0.01,-0.29,0.27,1.0,1.56,1.21
1.5006992816925049,5a43b542,Right Hand,-0.01,-0.29,0.27,1.0,1.56,1.21
1.500718593597412,5a43b542,Right Hand,-0.01,-0.29,0.27,1.0,1.56,1.21
1.5007376670837402,5a43b542,Right Hand,-0.01,-0.29,0.27,1.0,1.56,1.21
1.5007801055908203,5a43b542,Right Hand,-0.09,-0.12,0.21,1.25,1.01,1.23
1.5007984638214111,5a43b542,Right Hand,-0.09,-0.12,0.21,1.25,1.01,1.23
1.5008163452148438,5a43b542,Right Hand,-0.09,-0.12,0.21,1.25,1.01,1.23
1.5008347034454346,5a43b542,Right Hand,-0.09,-0.12,0.21,1.25,1.01,1.23
1.5008540153503418,5a43b542,Right Hand,-0.09,-0.12,0.21,1.25,1.01,1.23
1.5008718967437744,5a43b542,Right Hand,-0.09,-0.12,0.21,1.25,1.01,1.23
1.5009217262268066,5a43b542,Right Hand,-0.09,-0.12,0.21,1.25,1.01,1.23
1.5009393692016602,5a43b542,Right Hand,-0.03,0.15,0.33,1.4,0.7,0.98
1.5013623237609863,5a43b542,Right Hand,-0.03,0.15,0.33,1.4,0.7,0.98
1.5017619132995605,5a43b542,Right Hand,-0.03,0.15,0.33,1.4,0.7,0.98
1.502194881439209,5a43b542,Right Hand,-0.03,0.15,0.33,1.4,0.7,0.98
1.5029685497283936,5a43b542,Right Hand,-0.03,0.15,0.33,1.4,0.7,0.98
1.5036594867706299,5a43b542,Right Hand,-0.03,0.15,0.33,1.4,0.7,0.98
1.5041522979736328,5a43b542,Right Hand,-0.03,0.15,0.33,1.4,0.7,0.98
1.504300594329834,5a43b542,Right Hand,-0.01,0.44,0.47,1.59,0.56,0.54
1.504718542098999,5a43b542,Right Hand,-0.01,0.44,0.47,1.59,0.56,0.54
1.5051398277282715,5a43b542,Right Hand,-0.01,0.44,0.47,1.59,0.56,0.54
1.5062873363494873,5a43b542,Right Hand,-0.01,0.44,0.47,1.59,0.56,0.54
1.5090761184692383,5a43b542,Right Hand,-0.01,0.44,0.47,1.59,0.56,0.54
1.512753963470459,5a43b542,Right Hand,-0.01,0.44,0.47,1.59,0.56,0.54
1.5667674541473389,5a43b542,Right Hand,-0.01,0.44,0.47,1.59,0.56,0.54
1.5668675899505615,5a43b542,Right Hand,0.01,0.75,0.71,1.56,0.5,-0.02
1.5668904781341553,5a43b542,Right Hand,0.01,0.75,0.71,1.56,0.5,-0.02
1.5669102668762207,5a43b542,Right Hand,0.01,0.75,0.71,1.56,0.5,-0.02
1.5669286251068115,5a43b542,Right Hand,0.01,0.75,0.71,1.56,0.5,-0.02
1.5669467449188232,5a43b542,Right Hand,0.01,0.75,0.71,1.56,0.5,-0.02
1.5669810771942139,5a43b542,Right Hand,0.01,0.75,0.71,1.56,0.5,-0.02
1.5669989585876465,5a43b542,Right Hand,0.01,0.75,0.71,1.56,0.5,-0.02
1.567016839981079,5a43b542,Right Hand,0.03,0.93,0.87,1.15,0.5,-0.48
1.567035436630249,5a43b542,Right Hand,0.03,0.93,0.87,1.15,0.5,-0.48
1.568680763244629,5a43b542,Right Hand,0.03,0.93,0.87,1.15,0.5,-0.48
1.5687816143035889,5a43b542,Right Hand,0.03,0.93,0.87,1.15,0.5,-0.48
1.5688185691833496,5a43b542,Right Hand,0.03,0.93,0.87,1.15,0.5,-0.48
1.5692665576934814,5a43b542,Right Hand,0.03,0.93,0.87,1.15,0.5,-0.48
1.5699501037597656,5a43b542,Right Hand,0.03,0.93,0.87,1.15,0.5,-0.48
1.5706048011779785,5a43b542,Right Hand,0.02,1.01,0.97,0.43,0.61,-0.95
1.5710911750793457,5a43b542,Right Hand,0.02,1.01,0.97,0.43,0.61,-0.95
1.5714797973632812,5a43b542,Right Hand,0.02,1.01,0.97,0.43,0.61,-0.95
1.5718472003936768,5a43b542,Right Hand,0.02,1.01,0.97,0.43,0.61,-0.95
1.5745644569396973,5a43b542,Right Hand,0.02,1.01,0.97,0.43,0.61,-0.95
1.5773658752441406,5a43b542,Right Hand,0.02,1.01,0.97,0.43,0.61,-0.95
1.628065586090088,5a43b542,Right Hand,0.02,1.01,0.97,0.43,0.61,-0.95
1.6282098293304443,5a43b542,Right Hand,-0.06,0.85,0.92,-0.35,0.79,-1.33
1.6282408237457275,5a43b542,Right Hand,-0.06,0.85,0.92,-0.35,0.79,-1.33
1.6282610893249512,5a43b542,Right Hand,-0.06,0.85,0.92,-0.35,0.79,-1.33
1.6282868385314941,5a43b542,Right Hand,-0.06,0.85,0.92,-0.35,0.79,-1.33
1.6283044815063477,5a43b542,Right Hand,-0.06,0.85,0.92,-0.35,0.79,-1.33
1.628321647644043,5a43b542,Right Hand,-0.06,0.85,0.92,-0.35,0.79,-1.33
1.6283390522003174,5a43b542,Right Hand,-0.06,0.85,0.92,-0.35,0.79,-1.33
1.6283576488494873,5a43b542,Right Hand,-0.18,0.57,0.75,-0.95,0.78,-1.6
1.6299858093261719,5a43b542,Right Hand,-0.18,0.57,0.75,-0.95,0.78,-1.6
1.6300854682922363,5a43b542,Right Hand,-0.18,0.57,0.75,-0.95,0.78,-1.6
1.630509376525879,5a43b542,Right Hand,-0.18,0.57,0.75,-0.95,0.78,-1.6
1.6309230327606201,5a43b542,Right Hand,-0.18,0.57,0.75,-0.95,0.78,-1.6
1.6313815116882324,5a43b542,Right Hand,-0.18,0.57,0.75,-0.95,0.78,-1.6
1.6321027278900146,5a43b542,Right Hand,-0.18,0.57,0.75,-0.95,0.78,-1.6
1.6325502395629883,5a43b542,Right Hand,-0.18,0.57,0.75,-0.95,0.78,-1.6
1.6342732906341553,5a43b542,Right Hand,-0.19,0.24,0.69,-1.31,0.64,-1.83
1.6371207237243652,5a43b542,Right Hand,-0.19,0.24,0.69,-1.31,0.64,-1.83
1.6399564743041992,5a43b542,Right Hand,-0.19,0.24,0.69,-1.31,0.64,-1.83
1.6930794715881348,5a43b542,Right Hand,-0.19,0.24,0.69,-1.31,0.64,-1.83
1.693199634552002,5a43b542,Right Hand,-0.19,0.24,0.69,-1.31,0.64,-1.83
1.6932215690612793,5a43b542,Right Hand,-0.19,0.24,0.69,-1.31,0.64,-1.83
1.6932399272918701,5a43b542,Right Hand,-0.19,0.24,0.69,-1.31,0.64,-1.83
1.6932580471038818,5a43b542,Right Hand,-0.16,-0.23,0.58,-1.6,0.5,-1.9
1.6933009624481201,5a43b542,Right Hand,-0.16,-0.23,0.58,-1.6,0.5,-1.9
1.6933481693267822,5a43b542,Right Hand,-0.16,-0.23,0.58,-1.6,0.5,-1.9
1.6950433254241943,5a43b542,Right Hand,-0.16,-0.23,0.58,-1.6,0.5,-1.9
1.6951954364776611,5a43b542,Right Hand,-0.16,-0.23,0.58,-1.6,0.5,-1.9
1.6961731910705566,5a43b542,Right Hand,-0.16,-0.23,0.58,-1.6,0.5,-1.9
1.6963789463043213,5a43b542,Right Hand,-0.16,-0.23,0.58,-1.6,0.5,-1.9
1.6968932151794434,5a43b542,Right Hand,-0.2,-0.73,0.47,-1.32,0.27,-1.67
1.6974303722381592,5a43b542,Right Hand,-0.2,-0.73,0.47,-1.32,0.27,-1.67
1.6976568698883057,5a43b542,Right Hand,-0.2,-0.73,0.47,-1.32,0.27,-1.67
1.6982030868530273,5a43b542,Right Hand,-0.2,-0.73,0.47,-1.32,0.27,-1.67
1.6987214088439941,5a43b542,Right Hand,-0.2,-0.73,0.47,-1.32,0.27,-1.67
1.7000398635864258,5a43b542,Right Hand,-0.2,-0.73,0.47,-1.32,0.27,-1.67
1.7517404556274414,5a43b542,Right Hand,-0.2,-0.73,0.47,-1.32,0.27,-1.67
1.751840353012085,5a43b542,Right Hand,-0.2,-0.9,0.49,-0.58,-0.09,-1.46
1.7518630027770996,5a43b542,Right Hand,-0.2,-0.9,0.49,-0.58,-0.09,-1.46
1.751899003982544,5a43b542,Right Hand,-0.2,-0.9,0.49,-0.58,-0.09,-1.46
1.7519173622131348,5a43b542,Right Hand,-0.2,-0.9,0.49,-0.58,-0.09,-1.46
1.7519350051879883,5a43b542,Right Hand,-0.2,-0.9,0.49,-0.58,-0.09,-1.46
1.751952886581421,5a43b542,Right Hand,-0.2,-0.9,0.49,-0.58,-0.09,-1.46
1.751969814300537,5a43b542,Right Hand,-0.2,-0.9,0.49,-0.58,-0.09,-1.46
1.7534589767456055,5a43b542,Right Hand,-0.07,-0.91,0.71,0.26,-0.2,-1.41
1.7536845207214355,5a43b542,Right Hand,-0.07,-0.91,0.71,0.26,-0.2,-1.41
1.7537150382995605,5a43b542,Right Hand,-0.07,-0.91,0.71,0.26,-0.2,-1.41
1.754164218902588,5a43b542,Right Hand,-0.07,-0.91,0.71,0.26,-0.2,-1.41
1.754539966583252,5a43b542,Right Hand,-0.07,-0.91,0.71,0.26,-0.2,-1.41
1.7549326419830322,5a43b542,Right Hand,-0.07,-0.91,0.71,0.26,-0.2,-1.41
1.7553799152374268,5a43b542,Right Hand,-0.07,-0.91,0.71,0.26,-0.2,-1.41
1.7558517456054688,5a43b542,Right Hand,-0.01,-0.8,0.87,0.25,-0.21,-0.84
1.7566373348236084,5a43b542,Right Hand,-0.01,-0.8,0.87,0.25,-0.21,-0.84
1.759676456451416,5a43b542,Right Hand,-0.01,-0.8,0.87,0.25,-0.21,-0.84
1.8099298477172852,5a43b542,Right Hand,-0.01,-0.8,0.87,0.25,-0.21,-0.84
1.810054063796997,5a43b542,Right Hand,-0.01,-0.8,0.87,0.25,-0.21,-0.84
1.8100745677947998,5a43b542,Right Hand,-0.01,-0.8,0.87,0.25,-0.21,-0.84
1.8101167678833008,5a43b542,Right Hand,-0.01,-0.8,0.87,0.25,-0.21,-0.84
1.8101356029510498,5a43b542,Right Hand,-0.13,-0.72,0.85,-0.06,-0.25,-0.08
1.8101532459259033,5a43b542,Right Hand,-0.13,-0.72,0.85,-0.06,-0.25,-0.08
1.8101708889007568,5a43b542,Right Hand,-0.13,-0.72,0.85,-0.06,-0.25,-0.08
1.8101882934570312,5a43b542,Right Hand,-0.13,-0.72,0.85,-0.06,-0.25,-0.08
1.81199312210083,5a43b542,Right Hand,-0.13,-0.72,0.85,-0.06,-0.25,-0.08
1.8121230602264404,5a43b542,Right Hand,-0.13,-0.72,0.85,-0.06,-0.25,-0.08
1.8125395774841309,5a43b542,Right Hand,-0.13,-0.72,0.85,-0.06,-0.25,-0.08
1.813154697418213,5a43b542,Right Hand,-0.29,-0.52,0.81,0.01,-0.33,0.23
1.813673734664917,5a43b542,Right Hand,-0.29,-0.52,0.81,0.01,-0.33,0.23
1.814220905303955,5a43b542,Right Hand,-0.29,-0.52,0.81,0.01,-0.33,0.23
1.814694881439209,5a43b542,Right Hand,-0.29,-0.52,0.81,0.01,-0.33,0.23
1.8153913021087646,5a43b542,Right Hand,-0.29,-0.52,0.81,0.01,-0.33,0.23
1.8191254138946533,5a43b542,Right Hand,-0.29,-0.52,0.81,0.01,-0.33,0.23
1.8218560218811035,5a43b542,Right Hand,-0.29,-0.52,0.81,0.01,-0.33,0.23
1.8248028755187988,5a43b542,Right Hand,-0.31,-0.31,0.9,0.21,-0.3,0.23
1.8276546001434326,5a43b542,Right Hand,-0.31,-0.31,0.9,0.21,-0.3,0.23
1.8801910877227783,5a43b542,Right Hand,-0.31,-0.31,0.9,0.21,-0.3,0.23
1.8803255558013916,5a43b542,Right Hand,-0.31,-0.31,0.9,0.21,-0.3,0.23
1.8803606033325195,5a43b542,Right Hand,-0.31,-0.31,0.9,0.21,-0.3,0.23
1.8803901672363281,5a43b542,Right Hand,-0.31,-0.31,0.9,0.21,-0.3,0.23
1.8804142475128174,5a43b542,Right Hand,-0.31,-0.31,0.9,0.21,-0.3,0.23
1.8804335594177246,5a43b542,Right Hand,-0.31,-0.19,0.96,0.11,-0.33,0.25
1.880481243133545,5a43b542,Right Hand,-0.31,-0.19,0.96,0.11,-0.33,0.25
1.8805067539215088,5a43b542,Right Hand,-0.31,-0.19,0.96,0.11,-0.33,0.25
1.8805325031280518,5a43b542,Right Hand,-0.31,-0.19,0.96,0.11,-0.33,0.25
1.8824634552001953,5a43b542,Right Hand,-0.31,-0.19,0.96,0.11,-0.33,0.25
1.8825745582580566,5a43b542,Right Hand,-0.31,-0.19,0.96,0.11,-0.33,0.25
1.8830840587615967,5a43b542,Right Hand,-0.31,-0.19,0.96,0.11,-0.33,0.25
1.883474349975586,5a43b542,Right Hand,-0.3,-0.12,1.0,0.11,-0.31,0.18
1.8840312957763672,5a43b542,Right Hand,-0.3,-0.12,1.0,0.11,-0.31,0.18
1.884748935699463,5a43b542,Right Hand,-0.3,-0.12,1.0,0.11,-0.31,0.18
1.8852343559265137,5a43b542,Right Hand,-0.3,-0.12,1.0,0.11,-0.31,0.18
1.885646104812622,5a43b542,Right Hand,-0.3,-0.12,1.0,0.11,-0.31,0.18
1.8874895572662354,5a43b542,Right Hand,-0.3,-0.12,1.0,0.11,-0.31,0.18
1.8902473449707031,5a43b542,Right Hand,-0.3,-0.12,1.0,0.11,-0.31,0.18
1.8962733745574951,5a43b542,Right Hand,-0.28,-0.09,1.02,0.11,-0.28,0.08
1.948195457458496,5a43b542,Right Hand,-0.28,-0.09,1.02,0.11,-0.28,0.08
1.9483122825622559,5a43b542,Right Hand,-0.28,-0.09,1.02,0.11,-0.28,0.08
1.9483370780944824,5a43b542,Right Hand,-0.28,-0.09,1.02,0.11,-0.28,0.08
1.9483551979064941,5a43b542,Right Hand,-0.28,-0.09,1.02,0.11,-0.28,0.08
1.948392629623413,5a43b542,Right Hand,-0.28,-0.09,1.02,0.11,-0.28,0.08
1.9484102725982666,5a43b542,Right Hand,-0.28,-0.09,1.02,0.11,-0.28,0.08
1.9484269618988037,5a43b542,Right Hand,-0.24,-0.13,1.02,-0.05,-0.21,0.08
1.948448896408081,5a43b542,Right Hand,-0.24,-0.13,1.02,-0.05,-0.21,0.08
1.9484682083129883,5a43b542,Right Hand,-0.24,-0.13,1.02,-0.05,-0.21,0.08
1.9999299049377441,5a43b542,Right Hand,-0.24,-0.13,1.02,-0.05,-0.21,0.08
2.0000345706939697,5a43b542,Right Hand,-0.24,-0.13,1.02,-0.05,-0.21,0.08
2.0000743865966797,5a43b542,Right Hand,-0.24,-0.13,1.02,-0.05,-0.21,0.08
2.000094175338745,5a43b542,Right Hand,-0.24,-0.13,1.02,-0.05,-0.21,0.08
2.000112295150757,5a43b542,Right Hand,-0.23,-0.18,1.0,-0.16,-0.14,0.15
2.000131130218506,5a43b542,Right Hand,-0.23,-0.18,1.0,-0.16,-0.14,0.15
2.0001485347747803,5a43b542,Right Hand,-0.23,-0.18,1.0,-0.16,-0.14,0.15
2.0001840591430664,5a43b542,Right Hand,-0.23,-0.18,1.0,-0.16,-0.14,0.15
2.00020170211792,5a43b542,Right Hand,-0.23,-0.18,1.0,-0.16,-0.14,0.15
2.000225305557251,5a43b542,Right Hand,-0.23,-0.18,1.0,-0.16,-0.14,0.15
2.0002427101135254,5a43b542,Right Hand,-0.23,-0.18,1.0,-0.16,-0.14,0.15
2.000664234161377,5a43b542,Right Hand,-0.24,-0.2,0.97,-0.21,-0.13,0.21
2.000880241394043,5a43b542,Right Hand,-0.24,-0.2,0.97,-0.21,-0.13,0.21
2.0013017654418945,5a43b542,Right Hand,-0.24,-0.2,0.97,-0.21,-0.13,0.21
2.0017528533935547,5a43b542,Right Hand,-0.24,-0.2,0.97,-0.21,-0.13,0.21
2.0023696422576904,5a43b542,Right Hand,-0.24,-0.2,0.97,-0.21,-0.13,0.21
2.0030040740966797,5a43b542,Right Hand,-0.24,-0.2,0.97,-0.21,-0.13,0.21
2.003394603729248,5a43b542,Right Hand,-0.24,-0.2,0.97,-0.21,-0.13,0.21
2.003786563873291,5a43b542,Right Hand,-0.23,-0.19,0.93,-0.21,-0.11,0.24
2.0042808055877686,5a43b542,Right Hand,-0.23,-0.19,0.93,-0.21,-0.11,0.24
2.0047993659973145,5a43b542,Right Hand,-0.23,-0.19,0.93,-0.21,-0.11,0.24
2.0052714347839355,5a43b542,Right Hand,-0.23,-0.19,0.93,-0.21,-0.11,0.24
2.005807638168335,5a43b542,Right Hand,-0.23,-0.19,0.93,-0.21,-0.11,0.24
2.0069475173950195,5a43b542,Right Hand,-0.23,-0.19,0.93,-0.21,-0.11,0.24
2.0097432136535645,5a43b542,Right Hand,-0.23,-0.19,0.93,-0.21,-0.11,0.24
2.065120220184326,5a43b542,Right Hand,-0.21,-0.2,0.95,-0.19,-0.08,0.21
2.0652222633361816,5a43b542,Right Hand,-0.21,-0.2,0.95,-0.19,-0.08,0.21
2.065244674682617,5a43b542,Right Hand,-0.21,-0.2,0.95,-0.19,-0.08,0.21
2.065263032913208,5a43b542,Right Hand,-0.21,-0.2,0.95,-0.19,-0.08,0.21
2.0652809143066406,5a43b542,Right Hand,-0.21,-0.2,0.95,-0.19,-0.08,0.21
2.0653154850006104,5a43b542,Right Hand,-0.21,-0.2,0.95,-0.19,-0.08,0.21
2.065333127975464,5a43b542,Right Hand,-0.21,-0.2,0.95,-0.19,-0.08,0.21
2.06535005569458,5a43b542,Right Hand,-0.2,-0.19,0.96,-0.11,-0.04,0.11
2.065373420715332,5a43b542,Right Hand,-0.2,-0.19,0.96,-0.11,-0.04,0.11
2.0670065879821777,5a43b542,Right Hand,-0.2,-0.19,0.96,-0.11,-0.04,0.11
2.0674490928649902,5a43b542,Right Hand,-0.2,-0.19,0.96,-0.11,-0.04,0.11
2.067873239517212,5a43b542,Right Hand,-0.2,-0.19,0.96,-0.11,-0.04,0.11
2.068272829055786,5a43b542,Right Hand,-0.2,-0.19,0.96,-0.11,-0.04,0.11
2.0686450004577637,5a43b542,Right Hand,-0.2,-0.19,0.96,-0.11,-0.04,0.11
2.069422483444214,5a43b542,Right Hand,-0.23,-0.22,0.91,-0.11,-0.06,0.11
2.0702714920043945,5a43b542,Right Hand,-0.23,-0.22,0.91,-0.11,-0.06,0.11
2.070821523666382,5a43b542,Right Hand,-0.23,-0.22,0.91,-0.11,-0.06,0.11
2.0712318420410156,5a43b542,Right Hand,-0.23,-0.22,0.91,-0.11,-0.06,0.11
2.074904680252075,5a43b542,Right Hand,-0.23,-0.22,0.91,-0.11,-0.06,0.11
2.077876091003418,5a43b542,Right Hand,-0.23,-0.22,0.91,-0.11,-0.06,0.11
2.1323013305664062,5a43b542,Right Hand,-0.23,-0.22,0.91,-0.11,-0.06,0.11
2.1324031352996826,5a43b542,Right Hand,-0.23,-0.22,0.91,-0.11,-0.06,0.11
2.132448673248291,5a43b542,Right Hand,-0.22,-0.23,0.92,-0.08,-0.11,0.13
2.132467746734619,5a43b542,Right Hand,-0.22,-0.23,0.92,-0.08,-0.11,0.13
2.132485866546631,5a43b542,Right Hand,-0.22,-0.23,0.92,-0.08,-0.11,0.13
2.1325042247772217,5a43b542,Right Hand,-0.22,-0.23,0.92,-0.08,-0.11,0.13
2.1325221061706543,5a43b542,Right Hand,-0.22,-0.23,0.92,-0.08,-0.11,0.13
2.1325392723083496,5a43b542,Right Hand,-0.22,-0.23,0.92,-0.08,-0.11,0.13
2.132580518722534,5a43b542,Right Hand,-0.22,-0.23,0.92,-0.08,-0.11,0.13
2.1326253414154053,5a43b542,Right Hand,-0.21,-0.2,0.93,-0.03,-0.13,0.14
2.1345269680023193,5a43b542,Right Hand,-0.21,-0.2,0.93,-0.03,-0.13,0.14
2.1346943378448486,5a43b542,Right Hand,-0.21,-0.2,0.93,-0.03,-0.13,0.14
2.1350889205932617,5a43b542,Right Hand,-0.21,-0.2,0.93,-0.03,-0.13,0.14
2.136202812194824,5a43b542,Right Hand,-0.21,-0.2,0.93,-0.03,-0.13,0.14
2.1875481605529785,5a43b542,Right Hand,-0.21,-0.2,0.93,-0.03,-0.13,0.14
2.1876473426818848,5a43b542,Right Hand,-0.21,-0.2,0.93,-0.03,-0.13,0.14
2.1876699924468994,5a43b542,Right Hand,-0.19,-0.18,0.94,-0.09,-0.12,0.16
2.1877143383026123,5a43b542,Right Hand,-0.19,-0.18,0.94,-0.09,-0.12,0.16
2.187732458114624,5a43b542,Right Hand,-0.19,-0.18,0.94,-0.09,-0.12,0.16
2.187751293182373,5a43b542,Right Hand,-0.19,-0.18,0.94,-0.09,-0.12,0.16
2.1877689361572266,5a43b542,Right Hand,-0.19,-0.18,0.94,-0.09,-0.12,0.16
2.187786817550659,5a43b542,Right Hand,-0.19,-0.18,0.94,-0.09,-0.12,0.16
2.1878035068511963,5a43b542,Right Hand,-0.19,-0.18,0.94,-0.09,-0.12,0.16
2.1878671646118164,5a43b542,Right Hand,-0.19,-0.17,0.95,-0.1,-0.11,0.18
2.189689874649048,5a43b542,Right Hand,-0.19,-0.17,0.95,-0.1,-0.11,0.18
2.1897871494293213,5a43b542,Right Hand,-0.19,-0.17,0.95,-0.1,-0.11,0.18
2.190190315246582,5a43b542,Right Hand,-0.19,-0.17,0.95,-0.1,-0.11,0.18
2.190617322921753,5a43b542,Right Hand,-0.19,-0.17,0.95,-0.1,-0.11,0.18
2.1912198066711426,5a43b542,Right Hand,-0.19,-0.17,0.95,-0.1,-0.11,0.18
2.1919734477996826,5a43b542,Right Hand,-0.19,-0.17,0.95,-0.1,-0.11,0.18
2.1928889751434326,5a43b542,Right Hand,-0.21,-0.14,0.95,-0.08,-0.11,0.13
2.1931064128875732,5a43b542,Right Hand,-0.21,-0.14,0.95,-0.08,-0.11,0.13
2.1936116218566895,5a43b542,Right Hand,-0.21,-0.14,0.95,-0.08,-0.11,0.13
2.19407320022583,5a43b542,Right Hand,-0.21,-0.14,0.95,-0.08,-0.11,0.13
2.197551965713501,5a43b542,Right Hand,-0.21,-0.14,0.95,-0.08,-0.11,0.13
2.258222818374634,5a43b542,Right Hand,-0.21,-0.14,0.95,-0.08,-0.11,0.13
2.2583508491516113,5a43b542,Right Hand,-0.21,-0.14,0.95,-0.08,-0.11,0.13
2.2583725452423096,5a43b542,Right Hand,-0.19,-0.16,0.95,-0.08,-0.08,0.09
2.2583911418914795,5a43b542,Right Hand,-0.19,-0.16,0.95,-0.08,-0.08,0.09
2.258410692214966,5a43b542,Right Hand,-0.19,-0.16,0.95,-0.08,-0.08,0.09
2.2584285736083984,5a43b542,Right Hand,-0.19,-0.16,0.95,-0.08,-0.08,0.09
2.2584621906280518,5a43b542,Right Hand,-0.19,-0.16,0.95,-0.08,-0.08,0.09
2.2584798336029053,5a43b542,Right Hand,-0.19,-0.16,0.95,-0.08,-0.08,0.09
2.2584972381591797,5a43b542,Right Hand,-0.19,-0.16,0.95,-0.08,-0.08,0.09
2.2585136890411377,5a43b542,Right Hand,-0.21,-0.16,0.93,-0.06,-0.09,0.04
2.2585322856903076,5a43b542,Right Hand,-0.21,-0.16,0.93,-0.06,-0.09,0.04
2.2601563930511475,5a43b542,Right Hand,-0.21,-0.16,0.93,-0.06,-0.09,0.04
2.260589122772217,5a43b542,Right Hand,-0.21,-0.16,0.93,-0.06,-0.09,0.04
2.2610442638397217,5a43b542,Right Hand,-0.21,-0.16,0.93,-0.06,-0.09,0.04
2.2614383697509766,5a43b542,Right Hand,-0.21,-0.16,0.93,-0.06,-0.09,0.04
2.3178391456604004,5a43b542,Right Hand,-0.21,-0.16,0.93,-0.06,-0.09,0.04
2.317939043045044,5a43b542,Right Hand,-0.2,-0.17,0.93,-0.03,-0.11,0.01
2.3179643154144287,5a43b542,Right Hand,-0.2,-0.17,0.93,-0.03,-0.11,0.01
2.3179848194122314,5a43b542,Right Hand,-0.2,-0.17,0.93,-0.03,-0.11,0.01
2.318004846572876,5a43b542,Right Hand,-0.2,-0.17,0.93,-0.03,-0.11,0.01
2.3180480003356934,5a43b542,Right Hand,-0.2,-0.17,0.93,-0.03,-0.11,0.01
2.318066120147705,5a43b542,Right Hand,-0.2,-0.17,0.93,-0.03,-0.11,0.01
2.318085193634033,5a43b542,Right Hand,-0.2,-0.17,0.93,-0.03,-0.11,0.01
2.3181025981903076,5a43b542,Right Hand,-0.18,-0.15,0.96,-0.06,-0.1,0.01
2.318120241165161,5a43b542,Right Hand,-0.18,-0.15,0.96,-0.06,-0.1,0.01
2.3181612491607666,5a43b542,Right Hand,-0.18,-0.15,0.96,-0.06,-0.1,0.01
2.3196654319763184,5a43b542,Right Hand,-0.18,-0.15,0.96,-0.06,-0.1,0.01
2.319885730743408,5a43b542,Right Hand,-0.18,-0.15,0.96,-0.06,-0.1,0.01
2.32035756111145,5a43b542,Right Hand,-0.18,-0.15,0.96,-0.06,-0.1,0.01
2.3211894035339355,5a43b542,Right Hand,-0.18,-0.15,0.96,-0.06,-0.1,0.01
2.3217735290527344,5a43b542,Right Hand,-0.18,-0.16,0.96,-0.07,-0.07,0.0
2.322347402572632,5a43b542,Right Hand,-0.18,-0.16,0.96,-0.07,-0.07,0.0
2.3234827518463135,5a43b542,Right Hand,-0.18,-0.16,0.96,-0.07,-0.07,0.0
2.3237454891204834,5a43b542,Right Hand,-0.18,-0.16,0.96,-0.07,-0.07,0.0
2.324739694595337,5a43b542,Right Hand,-0.18,-0.16,0.96,-0.07,-0.07,0.0
2.379875898361206,5a43b542,Right Hand,-0.18,-0.16,0.96,-0.07,-0.07,0.0
2.379995346069336,5a43b542,Right Hand,-0.18,-0.16,0.96,-0.07,-0.07,0.0
2.380018711090088,5a43b542,Right Hand,-0.19,-0.17,0.96,-0.04,-0.04,-0.01
2.3800384998321533,5a43b542,Right Hand,-0.19,-0.17,0.96,-0.04,-0.04,-0.01
2.3800573348999023,5a43b542,Right Hand,-0.19,-0.17,0.96,-0.04,-0.04,-0.01
2.3800885677337646,5a43b542,Right Hand,-0.19,-0.17,0.96,-0.04,-0.04,-0.01
2.3801064491271973,5a43b542,Right Hand,-0.19,-0.17,0.96,-0.04,-0.04,-0.01
2.38012433052063,5a43b542,Right Hand,-0.19,-0.17,0.96,-0.04,-0.04,-0.01
2.3801422119140625,5a43b542,Right Hand,-0.19,-0.17,0.96,-0.04,-0.04,-0.01
2.380171775817871,5a43b542,Right Hand,-0.19,-0.19,0.95,-0.09,-0.06,-0.03
2.3817577362060547,5a43b542,Right Hand,-0.19,-0.19,0.95,-0.09,-0.06,-0.03
2.381971836090088,5a43b542,Right Hand,-0.19,-0.19,0.95,-0.09,-0.06,-0.03
2.382455825805664,5a43b542,Right Hand,-0.19,-0.19,0.95,-0.09,-0.06,-0.03
2.3828482627868652,5a43b542,Right Hand,-0.19,-0.19,0.95,-0.09,-0.06,-0.03
2.3836309909820557,5a43b542,Right Hand,-0.19,-0.19,0.95,-0.09,-0.06,-0.03
2.384274482727051,5a43b542,Right Hand,-0.19,-0.19,0.95,-0.09,-0.06,-0.03
2.3849313259124756,5a43b542,Right Hand,-0.19,-0.19,0.95,-0.09,-0.06,-0.03
2.385338068008423,5a43b542,Right Hand,-0.19,-0.19,0.95,-0.05,-0.06,-0.04
2.3857595920562744,5a43b542,Right Hand,-0.19,-0.19,0.95,-0.05,-0.06,-0.04
2.387176752090454,5a43b542,Right Hand,-0.19,-0.19,0.95,-0.05,-0.06,-0.04
2.4434149265289307,5a43b542,Right Hand,-0.19,-0.19,0.95,-0.05,-0.06,-0.04
2.443535327911377,5a43b542,Right Hand,-0.19,-0.19,0.95,-0.05,-0.06,-0.04
2.44356107711792,5a43b542,Right Hand,-0.19,-0.19,0.95,-0.05,-0.06,-0.04
2.443589687347412,5a43b542,Right Hand,-0.16,-0.18,0.97,-0.06,-0.01,-0.04
2.443608045578003,5a43b542,Right Hand,-0.16,-0.18,0.97,-0.06,-0.01,-0.04
2.44362735748291,5a43b542,Right Hand,-0.16,-0.18,0.97,-0.06,-0.01,-0.04
2.443645477294922,5a43b542,Right Hand,-0.16,-0.18,0.97,-0.06,-0.01,-0.04
2.4436628818511963,5a43b542,Right Hand,-0.16,-0.18,0.97,-0.06,-0.01,-0.04
2.443692445755005,5a43b542,Right Hand,-0.16,-0.18,0.97,-0.06,-0.01,-0.04
2.443725347518921,5a43b542,Right Hand,-0.16,-0.18,0.97,-0.06,-0.01,-0.04
2.4460463523864746,5a43b542,Right Hand,-0.18,-0.21,0.96,-0.05,-0.01,-0.02
2.446258544921875,5a43b542,Right Hand,-0.18,-0.21,0.96,-0.05,-0.01,-0.02
2.4463133811950684,5a43b542,Right Hand,-0.18,-0.21,0.96,-0.05,-0.01,-0.02
2.447065830230713,5a43b542,Right Hand,-0.18,-0.21,0.96,-0.05,-0.01,-0.02
2.4473743438720703,5a43b542,Right Hand,-0.18,-0.21,0.96,-0.05,-0.01,-0.02
2.447930335998535,5a43b542,Right Hand,-0.18,-0.21,0.96,-0.05,-0.01,-0.02
2.4484071731567383,5a43b542,Right Hand,-0.18,-0.21,0.96,-0.05,-0.01,-0.02
2.449310779571533,5a43b542,Right Hand,-0.19,-0.2,0.95,-0.03,0.01,-0.02
2.501789093017578,5a43b542,Right Hand,-0.19,-0.2,0.95,-0.03,0.01,-0.02
2.5019288063049316,5a43b542,Right Hand,-0.19,-0.2,0.95,-0.03,0.01,-0.02
2.502023696899414,5a43b542,Right Hand,-0.19,-0.2,0.95,-0.03,0.01,-0.02
2.5020456314086914,5a43b542,Right Hand,-0.19,-0.2,0.95,-0.03,0.01,-0.02
2.5020642280578613,5a43b542,Right Hand,-0.19,-0.2,0.95,-0.03,0.01,-0.02
2.5020828247070312,5a43b542,Right Hand,-0.19,-0.2,0.95,-0.03,0.01,-0.02
2.502100944519043,5a43b542,Right Hand,-0.2,-0.19,0.95,-0.06,0.03,-0.02
2.502131462097168,5a43b542,Right Hand,-0.2,-0.19,0.95,-0.06,0.03,-0.02
2.5021495819091797,5a43b542,Right Hand,-0.2,-0.19,0.95,-0.06,0.03,-0.02
2.5021679401397705,5a43b542,Right Hand,-0.2,-0.19,0.95,-0.06,0.03,-0.02
2.5040860176086426,5a43b542,Right Hand,-0.2,-0.19,0.95,-0.06,0.03,-0.02
2.504159927368164,5a43b542,Right Hand,-0.2,-0.19,0.95,-0.06,0.03,-0.02
2.504180431365967,5a43b542,Right Hand,-0.2,-0.19,0.95,-0.06,0.03,-0.02
2.504772663116455,5a43b542,Right Hand,-0.23,-0.18,0.93,-0.08,0.01,0.0
2.5053060054779053,5a43b542,Right Hand,-0.23,-0.18,0.93,-0.08,0.01,0.0
2.5058534145355225,5a43b542,Right Hand,-0.23,-0.18,0.93,-0.08,0.01,0.0
2.505974769592285,5a43b542,Right Hand,-0.23,-0.18,0.93,-0.08,0.01,0.0
2.5078370571136475,5a43b542,Right Hand,-0.23,-0.18,0.93,-0.08,0.01,0.0
2.5664262771606445,5a43b542,Right Hand,-0.23,-0.18,0.93,-0.08,0.01,0.0
2.566542625427246,5a43b542,Right Hand,-0.23,-0.18,0.93,-0.08,0.01,0.0
2.566581964492798,5a43b542,Right Hand,-0.21,-0.19,0.94,-0.07,-0.01,0.03
2.566601276397705,5a43b542,Right Hand,-0.21,-0.19,0.94,-0.07,-0.01,0.03
2.5666208267211914,5a43b542,Right Hand,-0.21,-0.19,0.94,-0.07,-0.01,0.03
2.5666379928588867,5a43b542,Right Hand,-0.21,-0.19,0.94,-0.07,-0.01,0.03
2.5666563510894775,5a43b542,Right Hand,-0.21,-0.19,0.94,-0.07,-0.01,0.03
2.566673755645752,5a43b542,Right Hand,-0.21,-0.19,0.94,-0.07,-0.01,0.03
2.5667083263397217,5a43b542,Right Hand,-0.21,-0.19,0.94,-0.07,-0.01,0.03
2.566742420196533,5a43b542,Right Hand,-0.21,-0.18,0.94,-0.07,0.01,0.03
2.5683867931365967,5a43b542,Right Hand,-0.21,-0.18,0.94,-0.07,0.01,0.03
2.5685112476348877,5a43b542,Right Hand,-0.21,-0.18,0.94,-0.07,0.01,0.03
2.568910598754883,5a43b542,Right Hand,-0.21,-0.18,0.94,-0.07,0.01,0.03
2.5693178176879883,5a43b542,Right Hand,-0.21,-0.18,0.94,-0.07,0.01,0.03
2.5697994232177734,5a43b542,Right Hand,-0.21,-0.18,0.94,-0.07,0.01,0.03
2.570340633392334,5a43b542,Right Hand,-0.21,-0.18,0.94,-0.07,0.01,0.03
2.571079730987549,5a43b542,Right Hand,-0.22,-0.19,0.93,-0.01,-0.01,-0.0
2.5718941688537598,5a43b542,Right Hand,-0.22,-0.19,0.93,-0.01,-0.01,-0.0
2.5729150772094727,5a43b542,Right Hand,-0.22,-0.19,0.93,-0.01,-0.01,-0.0
2.5760068893432617,5a43b542,Right Hand,-0.22,-0.19,0.93,-0.01,-0.01,-0.0
2.6317648887634277,5a43b542,Right Hand,-0.22,-0.19,0.93,-0.01,-0.01,-0.0
2.631869077682495,5a43b542,Right Hand,-0.22,-0.19,0.93,-0.01,-0.01,-0.0
2.631906270980835,5a43b542,Right Hand,-0.22,-0.19,0.93,-0.01,-0.01,-0.0
2.631927967071533,5a43b542,Right Hand,-0.21,-0.17,0.95,-0.05,-0.02,-0.01
2.6319475173950195,5a43b542,Right Hand,-0.21,-0.17,0.95,-0.05,-0.02,-0.01
2.6319661140441895,5a43b542,Right Hand,-0.21,-0.17,0.95,-0.05,-0.02,-0.01
2.631983995437622,5a43b542,Right Hand,-0.21,-0.17,0.95,-0.05,-0.02,-0.01
2.632002592086792,5a43b542,Right Hand,-0.21,-0.17,0.95,-0.05,-0.02,-0.01
2.6320323944091797,5a43b542,Right Hand,-0.21,-0.17,0.95,-0.05,-0.02,-0.01
2.6320695877075195,5a43b542,Right Hand,-0.21,-0.17,0.95,-0.05,-0.02,-0.01
2.6320912837982178,5a43b542,Right Hand,-0.2,-0.16,0.94,-0.08,0.01,-0.02
2.6321566104888916,5a43b542,Right Hand,-0.2,-0.16,0.94,-0.08,0.01,-0.02
2.6326417922973633,5a43b542,Right Hand,-0.2,-0.16,0.94,-0.08,0.01,-0.02
2.6330485343933105,5a43b542,Right Hand,-0.2,-0.16,0.94,-0.08,0.01,-0.02
2.6334784030914307,5a43b542,Right Hand,-0.2,-0.16,0.94,-0.08,0.01,-0.02
2.633939743041992,5a43b542,Right Hand,-0.2,-0.16,0.94,-0.08,0.01,-0.02
2.63545560836792,5a43b542,Right Hand,-0.2,-0.16,0.94,-0.08,0.01,-0.02
2.6866984367370605,5a43b542,Right Hand,-0.2,-0.18,0.94,-0.06,0.01,-0.0
2.686802625656128,5a43b542,Right Hand,-0.2,-0.18,0.94,-0.06,0.01,-0.0
2.6868247985839844,5a43b542,Right Hand,-0.2,-0.18,0.94,-0.06,0.01,-0.0
2.686844825744629,5a43b542,Right Hand,-0.2,-0.18,0.94,-0.06,0.01,-0.0
2.686863422393799,5a43b542,Right Hand,-0.2,-0.18,0.94,-0.06,0.01,-0.0
2.6868813037872314,5a43b542,Right Hand,-0.2,-0.18,0.94,-0.06,0.01,-0.0
2.6869242191314697,5a43b542,Right Hand,-0.2,-0.18,0.94,-0.06,0.01,-0.0
2.686943531036377,5a43b542,Right Hand,-0.2,-0.18,0.94,-0.07,0.01,0.0
2.6869611740112305,5a43b542,Right Hand,-0.2,-0.18,0.94,-0.07,0.01,0.0
2.6869945526123047,5a43b542,Right Hand,-0.2,-0.18,0.94,-0.07,0.01,0.0
2.6870157718658447,5a43b542,Right Hand,-0.2,-0.18,0.94,-0.07,0.01,0.0
2.687490224838257,5a43b542,Right Hand,-0.2,-0.18,0.94,-0.07,0.01,0.0
2.688356399536133,5a43b542,Right Hand,-0.2,-0.18,0.94,-0.07,0.01,0.0
2.6888620853424072,5a43b542,Right Hand,-0.2,-0.18,0.94,-0.07,0.01,0.0
2.6895644664764404,5a43b542,Right Hand,-0.21,-0.18,0.95,-0.11,0.02,-0.01
2.6901166439056396,5a43b542,Right Hand,-0.21,-0.18,0.95,-0.11,0.02,-0.01
2.6927738189697266,5a43b542,Right Hand,-0.21,-0.18,0.95,-0.11,0.02,-0.01
2.695913076400757,5a43b542,Right Hand,-0.21,-0.18,0.95,-0.11,0.02,-0.01
2.698363780975342,5a43b542,Right Hand,-0.21,-0.18,0.95,-0.11,0.02,-0.01
2.7034664154052734,5a43b542,Right Hand,-0.21,-0.18,0.95,-0.11,0.02,-0.01
2.7064719200134277,5a43b542,Right Hand,-0.21,-0.18,0.95,-0.11,0.02,-0.01
2.764230728149414,5a43b542,Right Hand,-0.2,-0.18,0.93,-0.08,0.0,-0.02
2.7643496990203857,5a43b542,Right Hand,-0.2,-0.18,0.93,-0.08,0.0,-0.02
2.764371156692505,5a43b542,Right Hand,-0.2,-0.18,0.93,-0.08,0.0,-0.02
2.764389753341675,5a43b542,Right Hand,-0.2,-0.18,0.93,-0.08,0.0,-0.02
2.7644083499908447,5a43b542,Right Hand,-0.2,-0.18,0.93,-0.08,0.0,-0.02
2.7644455432891846,5a43b542,Right Hand,-0.2,-0.18,0.93,-0.08,0.0,-0.02
2.7644636631011963,5a43b542,Right Hand,-0.2,-0.18,0.93,-0.08,0.0,-0.02
2.7644803524017334,5a43b542,Right Hand,-0.2,-0.18,0.93,-0.08,0.0,-0.02
2.764497756958008,5a43b542,Right Hand,-0.19,-0.19,0.95,-0.06,-0.0,-0.02
2.813504457473755,5a43b542,Right Hand,-0.19,-0.19,0.95,-0.06,-0.0,-0.02
2.8136093616485596,5a43b542,Right Hand,-0.19,-0.19,0.95,-0.06,-0.0,-0.02
2.813631534576416,5a43b542,Right Hand,-0.19,-0.19,0.95,-0.06,-0.0,-0.02
2.8136699199676514,5a43b542,Right Hand,-0.19,-0.19,0.95,-0.06,-0.0,-0.02
2.813688278198242,5a43b542,Right Hand,-0.19,-0.19,0.95,-0.06,-0.0,-0.02
2.813706636428833,5a43b542,Right Hand,-0.19,-0.19,0.95,-0.06,-0.0,-0.02
2.813725709915161,5a43b542,Right Hand,-0.2,-0.19,0.92,-0.06,0.02,-0.0
2.8137683868408203,5a43b542,Right Hand,-0.2,-0.19,0.92,-0.06,0.02,-0.0
2.8137905597686768,5a43b542,Right Hand,-0.2,-0.19,0.92,-0.06,0.02,-0.0
2.8142383098602295,5a43b542,Right Hand,-0.2,-0.19,0.92,-0.06,0.02,-0.0
2.8146321773529053,5a43b542,Right Hand,-0.2,-0.19,0.92,-0.06,0.02,-0.0
2.8150579929351807,5a43b542,Right Hand,-0.2,-0.19,0.92,-0.06,0.02,-0.0
2.815572500228882,5a43b542,Right Hand,-0.2,-0.19,0.92,-0.06,0.02,-0.0
2.8161275386810303,5a43b542,Right Hand,-0.22,-0.18,0.92,-0.08,-0.0,-0.0
2.8165743350982666,5a43b542,Right Hand,-0.22,-0.18,0.92,-0.08,-0.0,-0.0
2.8171112537384033,5a43b542,Right Hand,-0.22,-0.18,0.92,-0.08,-0.0,-0.0
2.8177590370178223,5a43b542,Right Hand,-0.22,-0.18,0.92,-0.08,-0.0,-0.0
2.8183529376983643,5a43b542,Right Hand,-0.22,-0.18,0.92,-0.08,-0.0,-0.0
2.8191323280334473,5a43b542,Right Hand,-0.22,-0.18,0.92,-0.08,-0.0,-0.0
2.8196370601654053,5a43b542,Right Hand,-0.22,-0.18,0.92,-0.08,-0.0,-0.0
2.820101737976074,5a43b542,Right Hand,-0.21,-0.17,0.92,-0.05,-0.04,-0.01
2.8205928802490234,5a43b542,Right Hand,-0.21,-0.17,0.92,-0.05,-0.04,-0.01
2.821056365966797,5a43b542,Right Hand,-0.21,-0.17,0.92,-0.05,-0.04,-0.01
2.821553945541382,5a43b542,Right Hand,-0.21,-0.17,0.92,-0.05,-0.04,-0.01
2.8233888149261475,5a43b542,Right Hand,-0.21,-0.17,0.92,-0.05,-0.04,-0.01
2.826143264770508,5a43b542,Right Hand,-0.21,-0.17,0.92,-0.05,-0.04,-0.01
2.877443552017212,5a43b542,Right Hand,-0.21,-0.17,0.92,-0.05,-0.04,-0.01
2.877554178237915,5a43b542,Right Hand,-0.21,-0.17,0.91,-0.05,-0.06,-0.03
2.877592086791992,5a43b542,Right Hand,-0.21,-0.17,0.91,-0.05,-0.06,-0.03
2.877610921859741,5a43b542,Right Hand,-0.21,-0.17,0.91,-0.05,-0.06,-0.03
2.877629280090332,5a43b542,Right Hand,-0.21,-0.17,0.91,-0.05,-0.06,-0.03
2.8776473999023438,5a43b542,Right Hand,-0.21,-0.17,0.91,-0.05,-0.06,-0.03
2.877664566040039,5a43b542,Right Hand,-0.21,-0.17,0.91,-0.05,-0.06,-0.03
2.8777053356170654,5a43b542,Right Hand,-0.21,-0.17,0.91,-0.05,-0.06,-0.03
2.8777246475219727,5a43b542,Right Hand,-0.2,-0.18,0.92,-0.03,-0.05,-0.03
2.881038188934326,5a43b542,Right Hand,-0.2,-0.18,0.92,-0.03,-0.05,-0.03
2.8812472820281982,5a43b542,Right Hand,-0.2,-0.18,0.92,-0.03,-0.05,-0.03
2.8812685012817383,5a43b542,Right Hand,-0.2,-0.18,0.92,-0.03,-0.05,-0.03
2.8820502758026123,5a43b542,Right Hand,-0.2,-0.18,0.92,-0.03,-0.05,-0.03
2.8827579021453857,5a43b542,Right Hand,-0.2,-0.18,0.92,-0.03,-0.05,-0.03
2.8829457759857178,5a43b542,Right Hand,-0.2,-0.18,0.92,-0.03,-0.05,-0.03
2.884063959121704,5a43b542,Right Hand,-0.21,-0.18,0.92,-0.05,-0.07,-0.03
2.8859622478485107,5a43b542,Right Hand,-0.21,-0.18,0.92,-0.05,-0.07,-0.03
2.9398884773254395,5a43b542,Right Hand,-0.21,-0.18,0.92,-0.05,-0.07,-0.03
2.9399666786193848,5a43b542,Right Hand,-0.21,-0.18,0.92,-0.05,-0.07,-0.03
2.939990282058716,5a43b542,Right Hand,-0.21,-0.18,0.92,-0.05,-0.07,-0.03
2.9400241374969482,5a43b542,Right Hand,-0.21,-0.18,0.92,-0.05,-0.07,-0.03
2.940042018890381,5a43b542,Right Hand,-0.21,-0.18,0.92,-0.05,-0.07,-0.03
2.9400603771209717,5a43b542,Right Hand,-0.2,-0.16,0.94,-0.03,-0.08,-0.05
2.9400782585144043,5a43b542,Right Hand,-0.2,-0.16,0.94,-0.03,-0.08,-0.05
2.9400951862335205,5a43b542,Right Hand,-0.2,-0.16,0.94,-0.03,-0.08,-0.05
2.940124273300171,5a43b542,Right Hand,-0.2,-0.16,0.94,-0.03,-0.08,-0.05
2.9401514530181885,5a43b542,Right Hand,-0.2,-0.16,0.94,-0.03,-0.08,-0.05
2.9401695728302,5a43b542,Right Hand,-0.2,-0.16,0.94,-0.03,-0.08,-0.05
2.9401867389678955,5a43b542,Right Hand,-0.2,-0.16,0.94,-0.03,-0.08,-0.05
2.940666437149048,5a43b542,Right Hand,-0.18,-0.18,0.94,-0.08,-0.08,-0.04
2.941087484359741,5a43b542,Right Hand,-0.18,-0.18,0.94,-0.08,-0.08,-0.04
2.9414737224578857,5a43b542,Right Hand,-0.18,-0.18,0.94,-0.08,-0.08,-0.04
2.9418411254882812,5a43b542,Right Hand,-0.18,-0.18,0.94,-0.08,-0.08,-0.04
3.011664867401123,5a43b542,Right Hand,-0.18,-0.18,0.94,-0.08,-0.08,-0.04
3.0118179321289062,5a43b542,Right Hand,-0.18,-0.18,0.94,-0.08,-0.08,-0.04
3.011859893798828,5a43b542,Right Hand,-0.18,-0.18,0.94,-0.08,-0.08,-0.04
3.011899948120117,5a43b542,Right Hand,-0.2,-0.19,0.94,-0.08,-0.09,-0.05
3.011936664581299,5a43b542,Right Hand,-0.2,-0.19,0.94,-0.08,-0.09,-0.05
3.011989116668701,5a43b542,Right Hand,-0.2,-0.19,0.94,-0.08,-0.09,-0.05
3.012007236480713,5a43b542,Right Hand,-0.2,-0.19,0.94,-0.08,-0.09,-0.05
3.01202392578125,5a43b542,Right Hand,-0.2,-0.19,0.94,-0.08,-0.09,-0.05
3.012047529220581,5a43b542,Right Hand,-0.2,-0.19,0.94,-0.08,-0.09,-0.05
3.062791585922241,5a43b542,Right Hand,-0.2,-0.19,0.94,-0.08,-0.09,-0.05
3.0629217624664307,5a43b542,Right Hand,-0.19,-0.19,0.94,-0.01,-0.06,-0.07
3.0629451274871826,5a43b542,Right Hand,-0.19,-0.19,0.94,-0.01,-0.06,-0.07
3.0629842281341553,5a43b542,Right Hand,-0.19,-0.19,0.94,-0.01,-0.06,-0.07
3.063002824783325,5a43b542,Right Hand,-0.19,-0.19,0.94,-0.01,-0.06,-0.07
3.0630204677581787,5a43b542,Right Hand,-0.19,-0.19,0.94,-0.01,-0.06,-0.07
3.0630381107330322,5a43b542,Right Hand,-0.19,-0.19,0.94,-0.01,-0.06,-0.07
3.063055992126465,5a43b542,Right Hand,-0.19,-0.19,0.94,-0.01,-0.06,-0.07
3.063101053237915,5a43b542,Right Hand,-0.19,-0.18,0.96,-0.08,-0.07,-0.04
3.0631425380706787,5a43b542,Right Hand,-0.19,-0.18,0.96,-0.08,-0.07,-0.04
3.063159942626953,5a43b542,Right Hand,-0.19,-0.18,0.96,-0.08,-0.07,-0.04
